1280 	 14082 	 0.37 	 43.99 	 81.88 	 349.68 	 504.98 	 1 	 0 	 0 	 0 
 916 	 28598 	 0.43 	 43.17 	 88.38 	 321.13 	 435.32 	 0 	 0 	 0 	 0 
 1374 	 4890 	 0.65 	 44.17 	 86.68 	 197.99 	 504.54 	 1 	 0 	 0 	 0 
 1374 	 12932 	 0.27 	 43.87 	 85.18 	 29.38 	 474.45 	 1 	 1 	 1 	 1 
 734 	 20890 	 0.13 	 43.10 	 85.35 	 31.37 	 119.33 	 1 	 1 	 1 	 1 
 369 	 15022 	 0.06 	 42.27 	 86.59 	 124.90 	 75.52 	 0 	 0 	 0 	 0 
 1189 	 21582 	 0.10 	 42.58 	 84.95 	 38.05 	 214.04 	 1 	 0 	 0 	 0 
 1645 	 3052 	 0.52 	 43.51 	 82.82 	 338.24 	 304.19 	 0 	 0 	 0 	 0 
 827 	 17885 	 0.35 	 44.13 	 88.50 	 131.74 	 446.13 	 1 	 1 	 1 	 1 
 93 	 24146 	 0.26 	 43.06 	 88.44 	 134.49 	 154.56 	 0 	 0 	 0 	 0 
 1737 	 25161 	 0.22 	 44.22 	 85.80 	 72.92 	 373.76 	 1 	 1 	 1 	 0 
 281 	 7173 	 0.47 	 44.02 	 82.12 	 354.88 	 386.31 	 1 	 0 	 0 	 0 
 1099 	 24508 	 0.55 	 43.54 	 86.67 	 15.31 	 678.84 	 0 	 0 	 0 	 0 
 1462 	 2247 	 0.10 	 42.41 	 80.13 	 343.34 	 72.99 	 1 	 0 	 0 	 0 
 462 	 20196 	 0.22 	 43.97 	 82.63 	 338.90 	 286.11 	 1 	 1 	 1 	 1 
 6 	 5210 	 0.13 	 42.61 	 81.76 	 349.92 	 82.36 	 0 	 0 	 0 	 0 
 1554 	 24232 	 0.37 	 43.53 	 80.87 	 343.20 	 370.15 	 0 	 0 	 0 	 0 
 1281 	 10261 	 0.14 	 44.25 	 86.42 	 339.71 	 215.16 	 1 	 1 	 1 	 1 
 1013 	 8738 	 0.06 	 42.17 	 85.35 	 34.90 	 176.29 	 1 	 0 	 0 	 0 
 918 	 29215 	 0.31 	 43.85 	 85.48 	 214.38 	 489.53 	 1 	 0 	 0 	 0 
 563 	 18484 	 0.08 	 42.09 	 84.78 	 153.25 	 177.52 	 0 	 0 	 0 	 0 
 735 	 30129 	 0.30 	 42.74 	 86.39 	 313.43 	 515.12 	 0 	 0 	 0 	 0 
 196 	 161 	 0.82 	 43.93 	 86.18 	 129.25 	 969.19 	 0 	 0 	 0 	 0 
 372 	 18376 	 0.12 	 42.69 	 80.66 	 341.38 	 213.49 	 1 	 0 	 0 	 0 
 94 	 5748 	 0.09 	 43.33 	 79.96 	 351.90 	 149.74 	 1 	 0 	 0 	 0 
 648 	 19106 	 0.30 	 43.61 	 87.45 	 278.86 	 496.35 	 1 	 0 	 0 	 0 
 1192 	 20875 	 0.89 	 44.47 	 82.45 	 335.59 	 1524.72 	 0 	 0 	 0 	 0 
 1647 	 2769 	 0.49 	 44.09 	 87.26 	 191.94 	 738.55 	 0 	 0 	 0 	 0 
 463 	 23599 	 0.21 	 43.49 	 83.98 	 350.98 	 367.12 	 1 	 0 	 0 	 0 
 1555 	 8230 	 0.27 	 43.78 	 81.98 	 339.25 	 439.92 	 0 	 0 	 0 	 0 
 1464 	 6915 	 0.56 	 43.82 	 88.31 	 53.43 	 605.09 	 0 	 0 	 0 	 0 
 831 	 23989 	 0.68 	 44.07 	 86.51 	 167.55 	 1007.16 	 0 	 0 	 0 	 0 
 1741 	 20492 	 0.58 	 43.69 	 86.06 	 312.13 	 571.14 	 0 	 0 	 0 	 0 
 1102 	 16865 	 0.91 	 44.07 	 86.65 	 236.07 	 1029.62 	 0 	 0 	 0 	 0 
 9 	 14562 	 0.31 	 42.93 	 86.69 	 239.11 	 247.69 	 0 	 0 	 0 	 0 
 1285 	 3947 	 0.08 	 42.19 	 84.93 	 31.02 	 183.57 	 1 	 0 	 0 	 0 
 1379 	 23848 	 0.13 	 42.06 	 80.90 	 18.54 	 202.58 	 0 	 0 	 0 	 0 
 919 	 19935 	 0.68 	 43.66 	 88.72 	 45.09 	 828.56 	 0 	 0 	 0 	 0 
 1016 	 5153 	 0.17 	 42.88 	 86.59 	 52.71 	 111.72 	 1 	 0 	 0 	 0 
 564 	 5263 	 0.53 	 43.74 	 86.85 	 57.90 	 633.00 	 0 	 0 	 0 	 0 
 286 	 22988 	 0.12 	 42.19 	 84.71 	 150.03 	 284.44 	 0 	 0 	 0 	 0 
 650 	 17747 	 0.20 	 43.27 	 86.28 	 161.84 	 352.27 	 1 	 0 	 0 	 0 
 1193 	 16803 	 0.26 	 42.74 	 80.49 	 344.39 	 134.13 	 0 	 0 	 0 	 0 
 1193 	 20357 	 0.16 	 42.48 	 83.31 	 21.64 	 348.97 	 0 	 0 	 0 	 0 
 375 	 27148 	 0.43 	 43.56 	 86.28 	 310.68 	 631.75 	 1 	 0 	 0 	 0 
 10 	 30375 	 0.46 	 43.58 	 82.39 	 8.31 	 139.34 	 1 	 0 	 0 	 0 
 466 	 7466 	 0.95 	 44.14 	 86.45 	 133.44 	 1138.55 	 0 	 0 	 0 	 0 
 832 	 22532 	 0.16 	 42.77 	 79.77 	 356.27 	 223.84 	 0 	 0 	 0 	 0 
 1649 	 28659 	 0.09 	 42.78 	 86.22 	 60.17 	 81.11 	 1 	 0 	 0 	 0 
 1104 	 6813 	 0.22 	 43.59 	 87.04 	 50.03 	 193.79 	 1 	 0 	 0 	 0 
 100 	 7315 	 0.70 	 43.81 	 86.34 	 345.40 	 787.55 	 0 	 0 	 0 	 0 
 1286 	 13400 	 0.87 	 44.40 	 80.82 	 18.47 	 657.07 	 1 	 0 	 0 	 0 
 1468 	 19589 	 0.36 	 43.41 	 86.40 	 308.98 	 517.66 	 1 	 0 	 0 	 0 
 1382 	 23015 	 0.68 	 43.76 	 88.78 	 56.23 	 917.98 	 0 	 0 	 0 	 0 
 920 	 8437 	 1.27 	 44.30 	 86.14 	 346.23 	 1586.66 	 0 	 0 	 0 	 0 
 744 	 4737 	 0.38 	 43.62 	 86.80 	 62.03 	 372.13 	 0 	 0 	 0 	 0 
 1746 	 29316 	 0.41 	 44.41 	 86.18 	 168.43 	 237.78 	 1 	 0 	 0 	 0 
 206 	 3995 	 0.10 	 42.89 	 81.18 	 14.49 	 100.65 	 0 	 0 	 0 	 0 
 1019 	 14191 	 0.08 	 42.54 	 84.81 	 326.86 	 216.67 	 1 	 0 	 0 	 0 
 1195 	 29580 	 0.54 	 43.50 	 86.47 	 53.26 	 498.14 	 0 	 0 	 0 	 0 
 288 	 14986 	 0.71 	 44.32 	 83.17 	 23.67 	 966.33 	 1 	 0 	 0 	 0 
 652 	 24839 	 0.21 	 43.44 	 87.19 	 234.11 	 335.67 	 0 	 0 	 0 	 0 
 833 	 14242 	 0.84 	 44.43 	 82.80 	 9.83 	 1310.47 	 0 	 0 	 0 	 0 
 101 	 7337 	 0.66 	 43.53 	 82.53 	 338.43 	 571.30 	 0 	 0 	 0 	 0 
 570 	 28097 	 0.12 	 42.52 	 82.34 	 337.36 	 351.95 	 1 	 0 	 0 	 0 
 381 	 12000 	 0.39 	 44.39 	 81.98 	 348.08 	 280.21 	 0 	 0 	 0 	 0 
 381 	 10743 	 0.13 	 42.67 	 85.32 	 35.65 	 180.76 	 1 	 0 	 0 	 0 
 1652 	 3395 	 0.12 	 42.91 	 87.02 	 27.47 	 221.58 	 0 	 0 	 0 	 0 
 921 	 21388 	 1.11 	 44.12 	 86.75 	 196.02 	 960.49 	 0 	 0 	 0 	 0 
 1108 	 27492 	 0.33 	 42.88 	 87.47 	 276.56 	 436.54 	 0 	 0 	 0 	 0 
 17 	 412 	 0.21 	 42.67 	 84.71 	 147.78 	 268.46 	 0 	 0 	 0 	 0 
 1573 	 2553 	 0.13 	 43.26 	 84.06 	 352.14 	 128.57 	 1 	 1 	 1 	 1 
 1292 	 25232 	 0.58 	 43.68 	 80.35 	 344.60 	 588.04 	 0 	 0 	 0 	 0 
 1386 	 27227 	 0.36 	 44.02 	 87.75 	 270.38 	 441.57 	 0 	 0 	 0 	 0 
 210 	 29345 	 0.10 	 42.25 	 81.81 	 353.98 	 305.19 	 1 	 0 	 0 	 0 
 749 	 11495 	 1.07 	 44.64 	 88.84 	 38.35 	 1217.44 	 0 	 0 	 0 	 0 
 1476 	 28035 	 0.19 	 44.08 	 83.49 	 25.70 	 73.32 	 1 	 1 	 1 	 1 
 656 	 9731 	 0.06 	 42.25 	 80.35 	 354.83 	 134.21 	 0 	 0 	 0 	 0 
 1023 	 16000 	 1.24 	 44.70 	 86.92 	 56.21 	 1642.09 	 0 	 0 	 0 	 0 
 1023 	 307 	 0.03 	 42.52 	 86.11 	 171.82 	 59.06 	 1 	 0 	 0 	 0 
 574 	 17675 	 0.19 	 42.80 	 84.01 	 349.45 	 289.36 	 1 	 0 	 0 	 0 
 574 	 27085 	 1.29 	 44.65 	 86.33 	 127.46 	 1272.13 	 0 	 0 	 0 	 0 
 103 	 16380 	 0.09 	 42.88 	 85.70 	 215.65 	 230.40 	 0 	 0 	 0 	 0 
 924 	 25657 	 0.15 	 42.58 	 87.11 	 13.43 	 165.50 	 0 	 0 	 0 	 0 
 924 	 7501 	 0.84 	 44.17 	 84.75 	 150.83 	 650.92 	 0 	 0 	 0 	 0 
 1755 	 2435 	 0.13 	 42.17 	 84.67 	 11.04 	 125.70 	 0 	 0 	 0 	 0 
 1574 	 15616 	 1.14 	 44.30 	 86.31 	 309.19 	 1574.16 	 0 	 0 	 0 	 0 
 383 	 23152 	 0.14 	 43.16 	 79.91 	 4.90 	 254.60 	 1 	 0 	 0 	 0 
 19 	 10048 	 0.14 	 43.61 	 83.74 	 22.19 	 65.33 	 1 	 1 	 1 	 1 
 1200 	 3287 	 0.12 	 42.38 	 83.26 	 20.32 	 186.82 	 0 	 0 	 0 	 0 
 1655 	 6568 	 0.21 	 42.82 	 88.18 	 144.75 	 666.99 	 1 	 0 	 0 	 0 
 1387 	 20174 	 0.25 	 43.21 	 88.87 	 70.36 	 407.43 	 0 	 0 	 0 	 0 
 479 	 4483 	 0.04 	 43.10 	 82.25 	 6.61 	 143.56 	 1 	 1 	 1 	 1 
 300 	 14777 	 0.12 	 43.38 	 81.59 	 354.13 	 97.11 	 1 	 0 	 0 	 0 
 841 	 17432 	 0.18 	 42.35 	 86.82 	 238.40 	 316.82 	 0 	 0 	 0 	 0 
 657 	 2445 	 0.07 	 44.36 	 86.09 	 83.31 	 71.56 	 1 	 1 	 1 	 0 
 1114 	 29959 	 0.32 	 43.25 	 84.61 	 145.67 	 101.44 	 0 	 0 	 0 	 0 
 1478 	 21345 	 0.22 	 43.74 	 80.03 	 3.74 	 251.45 	 1 	 0 	 0 	 0 
 1478 	 29866 	 0.63 	 44.00 	 87.03 	 12.58 	 826.86 	 0 	 0 	 0 	 0 
 751 	 17323 	 0.17 	 42.39 	 87.54 	 275.89 	 191.34 	 0 	 0 	 0 	 0 
 1025 	 2535 	 0.87 	 44.02 	 83.91 	 348.65 	 673.71 	 0 	 0 	 0 	 0 
 212 	 16257 	 0.71 	 44.45 	 86.06 	 158.33 	 1035.60 	 0 	 0 	 0 	 0 
 104 	 11131 	 0.77 	 43.97 	 80.55 	 343.73 	 1042.01 	 0 	 0 	 0 	 0 
 1296 	 10168 	 0.31 	 43.29 	 83.78 	 348.37 	 688.44 	 0 	 0 	 0 	 0 
 576 	 15099 	 0.22 	 43.11 	 84.30 	 146.62 	 221.59 	 0 	 0 	 0 	 0 
 21 	 19222 	 0.31 	 43.04 	 86.51 	 344.09 	 540.47 	 0 	 0 	 0 	 0 
 1757 	 7606 	 0.55 	 43.50 	 86.49 	 164.09 	 676.71 	 0 	 0 	 0 	 0 
 385 	 10512 	 0.37 	 44.54 	 82.76 	 333.51 	 691.10 	 0 	 0 	 0 	 0 
 385 	 9937 	 0.15 	 43.00 	 86.27 	 233.45 	 129.14 	 0 	 0 	 0 	 0 
 385 	 20216 	 0.07 	 42.05 	 89.06 	 222.68 	 253.79 	 0 	 0 	 0 	 0 
 301 	 23316 	 0.37 	 43.22 	 87.44 	 96.17 	 679.94 	 0 	 0 	 0 	 0 
 1656 	 15998 	 0.11 	 42.26 	 83.83 	 348.51 	 317.94 	 0 	 0 	 0 	 0 
 1390 	 6550 	 0.51 	 43.58 	 86.92 	 24.47 	 414.35 	 0 	 0 	 0 	 0 
 1579 	 1878 	 0.10 	 42.90 	 88.44 	 323.72 	 136.05 	 1 	 1 	 1 	 1 
 1579 	 11351 	 1.01 	 44.36 	 84.86 	 151.71 	 1162.20 	 0 	 0 	 0 	 0 
 930 	 26514 	 0.55 	 44.06 	 84.18 	 353.48 	 533.52 	 0 	 0 	 0 	 0 
 930 	 22199 	 0.07 	 44.14 	 82.98 	 80.09 	 98.17 	 1 	 1 	 1 	 0 
 481 	 16192 	 0.32 	 43.84 	 81.91 	 354.82 	 458.46 	 1 	 0 	 0 	 0 
 658 	 9576 	 0.34 	 43.79 	 79.97 	 344.46 	 319.41 	 0 	 0 	 0 	 0 
 105 	 11065 	 1.10 	 44.21 	 86.26 	 164.44 	 1138.24 	 0 	 0 	 0 	 0 
 753 	 13355 	 0.17 	 42.46 	 86.48 	 162.27 	 69.75 	 0 	 0 	 0 	 0 
 753 	 9972 	 0.39 	 43.25 	 86.34 	 133.99 	 273.69 	 0 	 0 	 0 	 0 
 1205 	 4672 	 0.32 	 44.08 	 88.54 	 31.78 	 593.98 	 1 	 1 	 1 	 1 
 1029 	 22283 	 0.69 	 44.01 	 88.03 	 328.85 	 700.21 	 0 	 0 	 0 	 0 
 1480 	 26925 	 0.28 	 43.31 	 82.86 	 23.58 	 269.50 	 1 	 0 	 0 	 0 
 846 	 3450 	 0.35 	 44.54 	 86.97 	 201.49 	 341.95 	 1 	 1 	 1 	 1 
 578 	 22993 	 0.86 	 44.03 	 86.73 	 21.19 	 877.35 	 0 	 0 	 0 	 0 
 1758 	 22978 	 0.07 	 42.50 	 87.27 	 21.78 	 156.34 	 1 	 0 	 0 	 0 
 1758 	 12366 	 0.44 	 44.23 	 87.17 	 195.77 	 525.41 	 1 	 0 	 0 	 0 
 1391 	 4254 	 0.50 	 43.83 	 84.57 	 330.48 	 818.72 	 1 	 0 	 0 	 0 
 24 	 17069 	 0.31 	 43.68 	 81.67 	 352.61 	 444.37 	 1 	 0 	 0 	 0 
 1118 	 14830 	 0.35 	 43.67 	 82.46 	 341.14 	 586.13 	 0 	 0 	 0 	 0 
 389 	 11628 	 0.23 	 42.91 	 86.54 	 237.11 	 504.29 	 0 	 0 	 0 	 0 
 389 	 11022 	 0.20 	 43.47 	 86.73 	 315.70 	 270.86 	 0 	 0 	 0 	 0 
 1658 	 21737 	 0.37 	 44.02 	 84.51 	 11.37 	 625.13 	 1 	 1 	 1 	 1 
 1658 	 5622 	 0.59 	 44.62 	 86.57 	 233.51 	 499.88 	 1 	 0 	 0 	 0 
 1302 	 15010 	 0.29 	 44.18 	 85.94 	 126.89 	 477.42 	 1 	 0 	 0 	 0 
 934 	 10229 	 0.14 	 42.54 	 86.50 	 338.73 	 235.35 	 0 	 0 	 0 	 0 
 107 	 12842 	 0.56 	 43.66 	 80.52 	 342.46 	 373.97 	 0 	 0 	 0 	 0 
 107 	 24074 	 0.89 	 43.98 	 86.83 	 199.17 	 725.61 	 0 	 0 	 0 	 0 
 1583 	 1978 	 0.28 	 44.38 	 85.75 	 215.55 	 588.31 	 1 	 0 	 0 	 0 
 661 	 26951 	 0.22 	 42.74 	 86.33 	 127.17 	 290.59 	 0 	 0 	 0 	 0 
 308 	 9672 	 0.10 	 42.00 	 83.92 	 350.01 	 289.23 	 0 	 0 	 0 	 0 
 308 	 18024 	 0.61 	 44.20 	 80.12 	 5.56 	 307.14 	 1 	 0 	 0 	 0 
 758 	 12947 	 0.15 	 43.33 	 84.71 	 6.49 	 307.63 	 1 	 1 	 1 	 1 
 1206 	 4070 	 0.73 	 44.26 	 84.24 	 351.98 	 598.19 	 1 	 0 	 0 	 0 
 1030 	 22753 	 0.87 	 43.98 	 81.19 	 17.20 	 1070.96 	 0 	 0 	 0 	 0 
 1030 	 22945 	 1.37 	 44.69 	 85.07 	 36.19 	 1477.62 	 0 	 0 	 0 	 0 
 25 	 2841 	 0.55 	 43.42 	 81.80 	 352.33 	 518.07 	 0 	 0 	 0 	 0 
 579 	 699 	 0.58 	 43.57 	 86.71 	 19.84 	 243.00 	 0 	 0 	 0 	 0 
 1483 	 20154 	 0.13 	 42.33 	 86.47 	 18.85 	 459.22 	 0 	 0 	 0 	 0 
 1483 	 6914 	 0.15 	 42.61 	 81.74 	 351.13 	 270.58 	 0 	 0 	 0 	 0 
 1760 	 12159 	 0.12 	 43.16 	 81.38 	 17.02 	 143.87 	 1 	 0 	 0 	 0 
 226 	 27834 	 0.15 	 42.93 	 79.99 	 355.54 	 277.98 	 1 	 0 	 0 	 0 
 935 	 18200 	 0.61 	 44.19 	 80.14 	 345.41 	 862.95 	 0 	 0 	 0 	 0 
 849 	 20862 	 0.37 	 43.84 	 86.82 	 100.52 	 469.04 	 0 	 0 	 0 	 0 
 1395 	 12207 	 0.12 	 42.45 	 88.57 	 228.70 	 204.80 	 1 	 0 	 0 	 0 
 393 	 13870 	 0.20 	 43.19 	 87.97 	 311.81 	 448.75 	 0 	 0 	 0 	 0 
 1586 	 18717 	 0.29 	 43.07 	 88.80 	 44.54 	 545.32 	 0 	 0 	 0 	 0 
 493 	 10607 	 0.47 	 43.68 	 88.61 	 53.76 	 502.30 	 1 	 0 	 0 	 0 
 1306 	 24842 	 0.59 	 43.97 	 84.67 	 325.73 	 746.04 	 0 	 0 	 0 	 0 
 759 	 29204 	 0.29 	 43.74 	 87.13 	 25.02 	 425.57 	 1 	 0 	 0 	 0 
 309 	 24164 	 0.67 	 44.39 	 81.01 	 18.40 	 735.25 	 1 	 0 	 0 	 0 
 1662 	 1604 	 0.15 	 43.20 	 83.97 	 345.30 	 56.84 	 0 	 0 	 0 	 0 
 109 	 2952 	 0.37 	 43.64 	 88.13 	 133.26 	 832.64 	 0 	 0 	 0 	 0 
 1208 	 28785 	 0.47 	 44.00 	 82.63 	 8.98 	 634.84 	 1 	 0 	 0 	 0 
 1121 	 13881 	 0.10 	 42.73 	 79.69 	 352.79 	 200.91 	 1 	 0 	 0 	 0 
 666 	 20455 	 0.19 	 42.80 	 86.37 	 53.17 	 178.34 	 0 	 0 	 0 	 0 
 1484 	 29081 	 0.06 	 42.05 	 82.06 	 337.37 	 138.14 	 0 	 0 	 0 	 0 
 936 	 4576 	 0.19 	 43.52 	 80.41 	 7.46 	 402.61 	 1 	 0 	 0 	 0 
 850 	 26771 	 0.43 	 43.62 	 84.49 	 144.99 	 350.98 	 0 	 0 	 0 	 0 
 30 	 15851 	 0.23 	 42.84 	 86.41 	 233.90 	 291.51 	 0 	 0 	 0 	 0 
 1761 	 1788 	 0.37 	 43.74 	 86.35 	 304.96 	 470.20 	 0 	 0 	 0 	 0 
 494 	 28564 	 0.51 	 44.02 	 86.63 	 50.40 	 468.07 	 1 	 0 	 0 	 0 
 1587 	 12495 	 0.69 	 44.19 	 86.30 	 164.58 	 675.98 	 1 	 0 	 0 	 0 
 395 	 9287 	 0.20 	 43.02 	 87.09 	 269.47 	 489.71 	 0 	 0 	 0 	 0 
 1399 	 5368 	 0.44 	 43.42 	 81.13 	 18.64 	 375.23 	 0 	 0 	 0 	 0 
 1399 	 22398 	 0.46 	 44.16 	 83.96 	 347.22 	 737.46 	 1 	 0 	 0 	 0 
 1036 	 26417 	 0.17 	 43.14 	 82.80 	 25.36 	 243.44 	 1 	 0 	 0 	 0 
 761 	 11368 	 0.31 	 42.95 	 86.32 	 341.63 	 444.73 	 0 	 0 	 0 	 0 
 761 	 1222 	 0.12 	 43.12 	 79.47 	 352.25 	 182.47 	 1 	 0 	 0 	 0 
 1123 	 16607 	 0.16 	 42.57 	 86.35 	 163.03 	 224.85 	 1 	 0 	 0 	 0 
 1664 	 3052 	 0.04 	 42.00 	 82.16 	 10.89 	 129.95 	 0 	 0 	 0 	 0 
 668 	 24519 	 0.08 	 43.00 	 82.65 	 340.73 	 168.00 	 1 	 0 	 0 	 0 
 1211 	 26073 	 1.18 	 44.22 	 85.29 	 214.85 	 764.41 	 0 	 0 	 0 	 0 
 314 	 17500 	 0.79 	 44.12 	 79.99 	 5.13 	 779.93 	 0 	 0 	 0 	 0 
 234 	 19346 	 0.15 	 42.87 	 88.40 	 333.65 	 425.01 	 1 	 0 	 0 	 0 
 937 	 9201 	 0.33 	 43.19 	 80.99 	 16.25 	 151.12 	 0 	 0 	 0 	 0 
 593 	 1593 	 0.27 	 44.49 	 86.75 	 163.68 	 164.69 	 1 	 1 	 1 	 1 
 114 	 3708 	 0.07 	 43.17 	 80.98 	 18.03 	 66.97 	 1 	 1 	 1 	 1 
 1490 	 20990 	 0.22 	 42.56 	 86.73 	 237.66 	 397.57 	 0 	 0 	 0 	 0 
 854 	 251 	 0.21 	 43.47 	 86.54 	 337.54 	 168.00 	 1 	 0 	 0 	 0 
 762 	 16996 	 0.11 	 42.96 	 79.90 	 6.73 	 111.99 	 1 	 0 	 0 	 0 
 497 	 10633 	 0.56 	 44.05 	 85.96 	 131.58 	 382.26 	 0 	 0 	 0 	 0 
 396 	 11436 	 0.27 	 42.89 	 84.81 	 146.40 	 248.25 	 0 	 0 	 0 	 0 
 669 	 22015 	 0.17 	 42.94 	 80.66 	 342.31 	 240.29 	 1 	 0 	 0 	 0 
 1037 	 11897 	 0.08 	 42.03 	 80.32 	 341.01 	 52.48 	 0 	 0 	 0 	 0 
 1126 	 20723 	 0.39 	 44.19 	 80.17 	 8.81 	 398.64 	 1 	 0 	 0 	 0 
 1591 	 20533 	 0.36 	 43.59 	 88.38 	 152.46 	 339.39 	 1 	 0 	 0 	 0 
 1666 	 2385 	 0.40 	 43.54 	 86.29 	 346.54 	 617.49 	 1 	 0 	 0 	 0 
 594 	 24891 	 0.26 	 44.27 	 83.80 	 344.69 	 453.24 	 0 	 0 	 0 	 0 
 1322 	 14908 	 0.21 	 42.65 	 80.07 	 5.12 	 192.98 	 0 	 0 	 0 	 0 
 1322 	 22101 	 0.18 	 42.37 	 82.94 	 22.83 	 159.50 	 0 	 0 	 0 	 0 
 1215 	 21250 	 0.62 	 43.82 	 87.11 	 193.53 	 638.59 	 0 	 0 	 0 	 0 
 319 	 8850 	 0.24 	 42.70 	 87.38 	 98.70 	 323.63 	 0 	 0 	 0 	 0 
 938 	 24621 	 0.34 	 43.20 	 86.25 	 130.96 	 158.00 	 0 	 0 	 0 	 0 
 236 	 4579 	 0.71 	 44.08 	 80.60 	 5.14 	 848.93 	 0 	 0 	 0 	 0 
 763 	 28460 	 0.24 	 43.69 	 82.32 	 339.91 	 361.61 	 1 	 0 	 0 	 0 
 855 	 8187 	 0.82 	 44.03 	 79.78 	 353.49 	 1065.95 	 0 	 0 	 0 	 0 
 1773 	 12070 	 0.53 	 44.02 	 82.23 	 10.23 	 597.91 	 0 	 0 	 0 	 0 
 1495 	 24834 	 0.25 	 44.30 	 84.80 	 33.15 	 396.08 	 1 	 1 	 1 	 1 
 398 	 4410 	 0.15 	 44.01 	 80.98 	 15.53 	 390.49 	 1 	 1 	 1 	 1 
 671 	 11435 	 0.04 	 42.83 	 85.16 	 213.05 	 65.87 	 1 	 1 	 1 	 1 
 671 	 16414 	 0.12 	 42.05 	 86.20 	 128.79 	 286.24 	 0 	 0 	 0 	 0 
 121 	 7133 	 0.23 	 43.38 	 86.97 	 203.59 	 196.51 	 1 	 0 	 0 	 0 
 499 	 7712 	 0.13 	 42.29 	 86.56 	 23.10 	 163.06 	 0 	 0 	 0 	 0 
 1128 	 7334 	 0.30 	 43.03 	 87.00 	 276.09 	 401.40 	 0 	 0 	 0 	 0 
 1667 	 1442 	 0.99 	 44.55 	 88.31 	 51.31 	 509.17 	 0 	 0 	 0 	 0 
 1414 	 7864 	 0.39 	 44.14 	 87.14 	 90.93 	 461.44 	 1 	 1 	 1 	 1 
 1414 	 16155 	 0.19 	 43.55 	 80.42 	 346.28 	 193.34 	 1 	 0 	 0 	 0 
 46 	 572 	 0.09 	 42.66 	 85.94 	 130.83 	 68.21 	 1 	 0 	 0 	 0 
 597 	 930 	 0.25 	 42.71 	 88.17 	 328.64 	 422.48 	 0 	 0 	 0 	 0 
 940 	 7191 	 0.24 	 43.59 	 86.63 	 203.15 	 189.94 	 1 	 0 	 0 	 0 
 1325 	 11610 	 0.23 	 43.89 	 82.61 	 26.65 	 96.71 	 0 	 0 	 0 	 0 
 766 	 2800 	 0.21 	 42.89 	 86.11 	 127.66 	 196.37 	 0 	 0 	 0 	 0 
 399 	 9618 	 0.52 	 44.13 	 82.30 	 8.21 	 623.03 	 1 	 0 	 0 	 0 
 1043 	 25261 	 0.10 	 42.17 	 86.11 	 166.30 	 269.38 	 0 	 0 	 0 	 0 
 1598 	 23504 	 0.10 	 43.24 	 84.65 	 9.89 	 168.94 	 1 	 1 	 1 	 1 
 323 	 15658 	 0.13 	 43.70 	 87.05 	 227.61 	 211.72 	 1 	 1 	 1 	 1 
 500 	 26887 	 0.25 	 43.20 	 86.30 	 51.90 	 286.19 	 0 	 0 	 0 	 0 
 1499 	 15737 	 0.33 	 43.63 	 79.98 	 7.18 	 508.21 	 0 	 0 	 0 	 0 
 122 	 8200 	 0.48 	 43.42 	 86.74 	 237.76 	 495.63 	 0 	 0 	 0 	 0 
 1130 	 7339 	 0.33 	 43.14 	 88.84 	 37.52 	 653.20 	 0 	 0 	 0 	 0 
 1779 	 19630 	 0.14 	 44.13 	 88.66 	 221.20 	 305.40 	 1 	 1 	 1 	 1 
 1668 	 24974 	 0.50 	 44.39 	 88.15 	 333.22 	 600.49 	 1 	 0 	 0 	 0 
 1222 	 15950 	 0.45 	 43.45 	 85.37 	 216.19 	 606.40 	 0 	 0 	 0 	 0 
 1416 	 26829 	 0.38 	 44.11 	 85.95 	 337.57 	 389.62 	 0 	 0 	 0 	 0 
 672 	 21345 	 0.23 	 43.30 	 81.83 	 350.77 	 198.99 	 1 	 0 	 0 	 0 
 672 	 12627 	 0.37 	 42.86 	 88.75 	 228.93 	 386.50 	 0 	 0 	 0 	 0 
 861 	 14440 	 0.96 	 44.43 	 87.46 	 94.16 	 1287.96 	 1 	 0 	 0 	 0 
 49 	 23095 	 0.55 	 43.52 	 81.15 	 17.40 	 686.73 	 0 	 0 	 0 	 0 
 599 	 845 	 0.46 	 43.43 	 88.57 	 144.50 	 347.90 	 0 	 0 	 0 	 0 
 243 	 17965 	 0.05 	 42.07 	 84.49 	 328.97 	 179.90 	 1 	 0 	 0 	 0 
 769 	 24251 	 0.24 	 43.14 	 84.87 	 30.50 	 288.48 	 0 	 0 	 0 	 0 
 1330 	 30292 	 0.25 	 42.54 	 88.30 	 145.96 	 70.63 	 0 	 0 	 0 	 0 
 1044 	 22566 	 0.18 	 42.79 	 88.36 	 318.67 	 373.96 	 1 	 0 	 0 	 0 
 1602 	 19234 	 1.06 	 44.33 	 82.72 	 337.13 	 1349.18 	 0 	 0 	 0 	 0 
 862 	 16433 	 0.45 	 43.21 	 82.42 	 8.86 	 703.10 	 0 	 0 	 0 	 0 
 862 	 7517 	 0.53 	 44.63 	 88.71 	 126.71 	 472.52 	 1 	 0 	 0 	 0 
 1131 	 11797 	 0.44 	 43.81 	 83.41 	 26.60 	 413.81 	 0 	 0 	 0 	 0 
 404 	 29867 	 0.06 	 43.10 	 87.27 	 56.36 	 63.43 	 1 	 1 	 1 	 1 
 504 	 10681 	 0.13 	 43.86 	 85.92 	 126.30 	 140.61 	 1 	 1 	 1 	 1 
 1418 	 22472 	 0.30 	 43.02 	 82.39 	 337.90 	 393.73 	 0 	 0 	 0 	 0 
 945 	 22857 	 0.16 	 44.21 	 84.55 	 143.28 	 181.24 	 1 	 1 	 1 	 1 
 126 	 26444 	 0.16 	 43.48 	 82.01 	 356.83 	 147.35 	 0 	 0 	 0 	 0 
 600 	 4187 	 0.18 	 42.79 	 81.02 	 16.36 	 404.57 	 0 	 0 	 0 	 0 
 1504 	 22017 	 0.18 	 42.85 	 80.36 	 4.48 	 155.21 	 1 	 0 	 0 	 0 
 331 	 7689 	 0.77 	 43.63 	 86.24 	 311.67 	 1066.37 	 0 	 0 	 0 	 0 
 331 	 7126 	 0.24 	 43.99 	 84.35 	 332.21 	 398.83 	 1 	 0 	 0 	 0 
 51 	 1953 	 0.21 	 42.97 	 82.19 	 353.54 	 301.62 	 0 	 0 	 0 	 0 
 1785 	 15273 	 0.31 	 43.04 	 82.55 	 340.34 	 404.79 	 0 	 0 	 0 	 0 
 1672 	 11450 	 0.22 	 42.52 	 85.13 	 33.03 	 163.77 	 0 	 0 	 0 	 0 
 676 	 5673 	 0.07 	 42.29 	 79.95 	 355.00 	 130.10 	 1 	 0 	 0 	 0 
 244 	 19632 	 0.65 	 43.51 	 87.34 	 96.91 	 1078.15 	 0 	 0 	 0 	 0 
 1332 	 25496 	 0.24 	 42.57 	 86.34 	 129.37 	 404.18 	 0 	 0 	 0 	 0 
 771 	 13636 	 0.16 	 42.95 	 87.72 	 94.70 	 215.99 	 0 	 0 	 0 	 0 
 505 	 7621 	 0.24 	 43.24 	 84.47 	 328.88 	 337.92 	 1 	 0 	 0 	 0 
 866 	 1090 	 0.14 	 42.74 	 86.76 	 53.90 	 117.46 	 1 	 0 	 0 	 0 
 405 	 8058 	 0.14 	 42.25 	 88.43 	 329.74 	 188.36 	 0 	 0 	 0 	 0 
 601 	 27793 	 0.07 	 42.17 	 80.59 	 19.72 	 238.31 	 0 	 0 	 0 	 0 
 601 	 15799 	 0.25 	 44.46 	 87.35 	 286.17 	 229.46 	 1 	 1 	 1 	 1 
 1234 	 27119 	 0.22 	 44.63 	 85.50 	 3.62 	 320.64 	 1 	 1 	 1 	 0 
 1421 	 22775 	 0.07 	 42.15 	 86.82 	 24.11 	 185.04 	 1 	 0 	 0 	 0 
 1508 	 20519 	 0.49 	 43.82 	 88.57 	 216.32 	 475.49 	 0 	 0 	 0 	 0 
 1050 	 29030 	 0.13 	 42.96 	 86.75 	 165.01 	 72.29 	 1 	 0 	 0 	 0 
 1673 	 970 	 0.64 	 43.84 	 82.52 	 336.75 	 1105.74 	 0 	 0 	 0 	 0 
 247 	 2300 	 0.11 	 42.23 	 86.61 	 314.56 	 115.90 	 0 	 0 	 0 	 0 
 54 	 5067 	 0.58 	 43.94 	 80.58 	 6.32 	 688.33 	 0 	 0 	 0 	 0 
 677 	 8033 	 0.12 	 42.14 	 82.67 	 339.65 	 117.09 	 0 	 0 	 0 	 0 
 677 	 10485 	 0.11 	 42.18 	 79.85 	 353.68 	 310.47 	 1 	 0 	 0 	 0 
 677 	 5214 	 0.24 	 42.94 	 84.68 	 9.09 	 196.81 	 0 	 0 	 0 	 0 
 131 	 26740 	 0.44 	 43.09 	 84.72 	 148.54 	 488.21 	 0 	 0 	 0 	 0 
 1610 	 12831 	 0.21 	 43.08 	 84.64 	 327.64 	 453.90 	 1 	 0 	 0 	 0 
 1790 	 15584 	 0.34 	 43.47 	 80.61 	 5.17 	 505.38 	 0 	 0 	 0 	 0 
 774 	 10219 	 0.66 	 43.65 	 88.33 	 330.65 	 726.54 	 0 	 0 	 0 	 0 
 1335 	 18905 	 0.44 	 43.70 	 86.43 	 317.96 	 610.33 	 0 	 0 	 0 	 0 
 1235 	 20229 	 0.47 	 44.08 	 81.94 	 350.37 	 840.96 	 1 	 0 	 0 	 0 
 953 	 11431 	 1.44 	 44.51 	 88.78 	 227.15 	 1910.01 	 0 	 0 	 0 	 0 
 509 	 1509 	 0.06 	 42.03 	 84.27 	 330.32 	 127.96 	 1 	 0 	 0 	 0 
 1138 	 2352 	 0.19 	 42.80 	 83.33 	 22.68 	 255.11 	 0 	 0 	 0 	 0 
 605 	 20685 	 0.54 	 43.58 	 83.22 	 21.66 	 731.87 	 0 	 0 	 0 	 0 
 339 	 1992 	 0.62 	 44.06 	 86.69 	 314.52 	 627.03 	 0 	 0 	 0 	 0 
 870 	 10922 	 0.68 	 44.20 	 79.44 	 352.80 	 1057.67 	 0 	 0 	 0 	 0 
 411 	 25519 	 0.17 	 43.10 	 83.86 	 353.97 	 96.52 	 0 	 0 	 0 	 0 
 1054 	 22159 	 0.15 	 43.29 	 86.21 	 54.90 	 211.91 	 1 	 1 	 1 	 1 
 250 	 21163 	 0.35 	 43.32 	 88.27 	 132.37 	 421.03 	 0 	 0 	 0 	 0 
 250 	 14182 	 0.34 	 44.18 	 86.41 	 353.29 	 298.56 	 0 	 0 	 0 	 0 
 1513 	 14956 	 0.56 	 44.27 	 86.68 	 125.89 	 724.82 	 0 	 0 	 0 	 0 
 1675 	 15003 	 0.60 	 43.38 	 86.33 	 310.57 	 777.31 	 0 	 0 	 0 	 0 
 1675 	 9974 	 0.33 	 43.75 	 88.00 	 142.26 	 546.52 	 1 	 0 	 0 	 0 
 134 	 26627 	 0.73 	 43.92 	 81.74 	 352.26 	 844.39 	 0 	 0 	 0 	 0 
 58 	 23141 	 0.80 	 44.41 	 86.09 	 164.57 	 878.61 	 1 	 0 	 0 	 0 
 1337 	 10823 	 0.19 	 44.79 	 83.16 	 337.17 	 492.48 	 1 	 1 	 1 	 1 
 678 	 9011 	 0.23 	 43.32 	 84.19 	 353.68 	 557.99 	 1 	 0 	 0 	 0 
 678 	 20843 	 0.33 	 43.97 	 85.12 	 34.62 	 411.56 	 1 	 1 	 1 	 1 
 1794 	 19946 	 0.12 	 42.02 	 88.71 	 232.17 	 163.36 	 0 	 0 	 0 	 0 
 512 	 876 	 0.10 	 42.32 	 79.96 	 356.27 	 280.43 	 0 	 0 	 0 	 0 
 1239 	 8416 	 0.17 	 42.42 	 86.69 	 55.95 	 200.82 	 0 	 0 	 0 	 0 
 957 	 25011 	 0.85 	 44.07 	 88.82 	 221.47 	 1003.87 	 0 	 0 	 0 	 0 
 780 	 17927 	 0.49 	 44.05 	 88.72 	 144.70 	 747.22 	 1 	 0 	 0 	 0 
 871 	 9927 	 0.06 	 43.81 	 86.94 	 344.61 	 67.31 	 1 	 1 	 1 	 1 
 608 	 12867 	 0.18 	 42.84 	 88.70 	 61.62 	 250.83 	 1 	 0 	 0 	 0 
 1145 	 3041 	 0.23 	 43.30 	 86.44 	 136.08 	 445.25 	 1 	 0 	 0 	 0 
 341 	 19492 	 0.05 	 42.23 	 80.34 	 342.72 	 201.10 	 1 	 0 	 0 	 0 
 1055 	 6068 	 0.14 	 43.06 	 80.49 	 341.81 	 213.17 	 1 	 0 	 0 	 0 
 1432 	 5998 	 0.54 	 43.74 	 86.95 	 237.99 	 838.94 	 0 	 0 	 0 	 0 
 59 	 28030 	 0.29 	 43.87 	 88.25 	 229.72 	 784.70 	 1 	 0 	 0 	 0 
 59 	 28407 	 0.16 	 43.24 	 80.00 	 3.75 	 224.90 	 0 	 0 	 0 	 0 
 415 	 27267 	 0.05 	 42.46 	 82.80 	 19.69 	 134.21 	 0 	 0 	 0 	 0 
 513 	 20439 	 0.80 	 43.72 	 87.02 	 197.41 	 775.37 	 0 	 0 	 0 	 0 
 251 	 28978 	 0.73 	 43.98 	 82.64 	 10.02 	 905.94 	 0 	 0 	 0 	 0 
 251 	 3933 	 0.69 	 44.37 	 88.55 	 334.16 	 770.85 	 0 	 0 	 0 	 0 
 1678 	 15171 	 0.20 	 42.92 	 88.38 	 39.35 	 208.70 	 0 	 0 	 0 	 0 
 681 	 4379 	 0.05 	 43.53 	 82.58 	 1.45 	 54.90 	 1 	 1 	 1 	 1 
 681 	 3341 	 0.37 	 43.07 	 88.28 	 315.51 	 209.26 	 0 	 0 	 0 	 0 
 1797 	 8636 	 0.10 	 41.99 	 84.46 	 150.06 	 108.21 	 0 	 0 	 0 	 0 
 1621 	 1288 	 0.16 	 42.17 	 86.66 	 18.11 	 105.81 	 0 	 0 	 0 	 0 
 1621 	 16935 	 0.53 	 43.80 	 82.58 	 338.23 	 349.72 	 1 	 0 	 0 	 0 
 872 	 19467 	 0.22 	 44.16 	 89.34 	 128.98 	 457.70 	 1 	 1 	 1 	 0 
 1518 	 13768 	 0.52 	 43.84 	 86.59 	 199.99 	 743.21 	 0 	 0 	 0 	 0 
 1241 	 14015 	 0.19 	 42.64 	 87.14 	 275.75 	 393.64 	 0 	 0 	 0 	 0 
 1343 	 11959 	 0.09 	 42.28 	 86.36 	 161.45 	 230.44 	 1 	 0 	 0 	 0 
 960 	 22921 	 0.39 	 44.41 	 86.27 	 16.46 	 288.14 	 1 	 0 	 0 	 0 
 609 	 15545 	 0.25 	 43.21 	 82.63 	 5.04 	 262.58 	 0 	 0 	 0 	 0 
 1056 	 4967 	 0.09 	 41.96 	 83.21 	 21.21 	 86.31 	 0 	 0 	 0 	 0 
 784 	 3998 	 0.19 	 43.29 	 86.36 	 139.27 	 277.47 	 0 	 0 	 0 	 0 
 1147 	 210 	 0.50 	 43.27 	 88.81 	 231.48 	 516.06 	 0 	 0 	 0 	 0 
 1433 	 16387 	 0.39 	 44.05 	 86.51 	 14.99 	 241.89 	 1 	 0 	 0 	 0 
 416 	 12025 	 0.43 	 43.91 	 87.07 	 270.13 	 629.49 	 1 	 0 	 0 	 0 
 416 	 23548 	 0.07 	 43.29 	 85.98 	 2.40 	 220.59 	 1 	 1 	 1 	 0 
 252 	 8290 	 0.87 	 44.58 	 83.52 	 21.87 	 746.52 	 0 	 0 	 0 	 0 
 347 	 17342 	 0.57 	 44.51 	 85.83 	 133.29 	 329.06 	 0 	 0 	 0 	 0 
 873 	 7156 	 0.69 	 43.95 	 80.17 	 6.75 	 1018.34 	 0 	 0 	 0 	 0 
 66 	 15762 	 0.12 	 42.37 	 86.23 	 344.76 	 256.01 	 1 	 0 	 0 	 0 
 682 	 6218 	 0.16 	 43.94 	 86.43 	 138.72 	 151.85 	 1 	 1 	 1 	 1 
 1344 	 20626 	 0.27 	 44.03 	 87.12 	 51.59 	 239.50 	 1 	 1 	 1 	 1 
 149 	 18656 	 0.18 	 42.79 	 86.51 	 132.89 	 266.93 	 1 	 0 	 0 	 0 
 1622 	 1277 	 0.74 	 43.97 	 87.26 	 278.31 	 788.60 	 0 	 0 	 0 	 0 
 1681 	 24502 	 1.46 	 44.47 	 86.87 	 200.03 	 1168.38 	 0 	 0 	 0 	 0 
 785 	 17916 	 0.45 	 43.38 	 88.74 	 53.55 	 621.01 	 0 	 0 	 0 	 0 
 1434 	 28985 	 0.55 	 44.27 	 86.00 	 339.36 	 936.83 	 0 	 0 	 0 	 0 
 521 	 10610 	 0.14 	 42.70 	 85.46 	 217.29 	 236.83 	 0 	 0 	 0 	 0 
 521 	 6061 	 0.13 	 42.93 	 80.00 	 355.45 	 299.80 	 1 	 0 	 0 	 0 
 612 	 18286 	 0.23 	 44.05 	 86.97 	 27.47 	 343.16 	 1 	 1 	 1 	 1 
 1149 	 5961 	 0.38 	 43.32 	 80.47 	 344.21 	 485.65 	 0 	 0 	 0 	 0 
 253 	 19454 	 0.39 	 43.28 	 88.65 	 147.96 	 600.40 	 0 	 0 	 0 	 0 
 418 	 17987 	 0.09 	 42.07 	 82.76 	 339.55 	 207.14 	 0 	 0 	 0 	 0 
 1061 	 18427 	 0.17 	 43.52 	 86.86 	 46.17 	 235.42 	 1 	 0 	 0 	 0 
 1249 	 22187 	 0.22 	 42.51 	 82.04 	 353.55 	 278.43 	 0 	 0 	 0 	 0 
 68 	 6576 	 1.15 	 44.50 	 85.10 	 210.43 	 1045.96 	 0 	 0 	 0 	 0 
 68 	 7370 	 0.20 	 42.78 	 86.94 	 195.99 	 364.26 	 1 	 0 	 0 	 0 
 1805 	 8030 	 0.37 	 43.85 	 84.14 	 331.81 	 554.41 	 0 	 0 	 0 	 0 
 969 	 17652 	 0.14 	 42.06 	 81.89 	 353.95 	 338.05 	 0 	 0 	 0 	 0 
 1623 	 26940 	 0.45 	 43.95 	 89.09 	 38.24 	 703.54 	 0 	 0 	 0 	 0 
 153 	 19276 	 0.06 	 42.17 	 84.64 	 152.49 	 311.71 	 1 	 0 	 0 	 0 
 522 	 433 	 1.04 	 44.40 	 84.64 	 9.24 	 698.57 	 0 	 0 	 0 	 0 
 522 	 15532 	 1.52 	 44.58 	 82.35 	 337.58 	 1460.52 	 0 	 0 	 0 	 0 
 1435 	 19344 	 0.53 	 43.74 	 87.12 	 14.78 	 1090.21 	 0 	 0 	 0 	 0 
 687 	 4634 	 0.27 	 42.89 	 87.04 	 274.03 	 373.24 	 0 	 0 	 0 	 0 
 687 	 5127 	 0.38 	 43.09 	 87.28 	 280.15 	 429.16 	 0 	 0 	 0 	 0 
 353 	 22025 	 0.19 	 43.17 	 86.67 	 158.56 	 349.50 	 0 	 0 	 0 	 0 
 1348 	 15799 	 0.34 	 44.00 	 80.05 	 355.00 	 437.94 	 1 	 0 	 0 	 0 
 879 	 16325 	 0.30 	 43.50 	 86.30 	 309.72 	 406.85 	 1 	 0 	 0 	 0 
 1529 	 10566 	 0.05 	 44.17 	 83.04 	 37.96 	 139.63 	 1 	 1 	 1 	 0 
 1687 	 12217 	 0.10 	 43.25 	 86.28 	 137.27 	 234.03 	 1 	 1 	 1 	 1 
 971 	 1597 	 0.50 	 43.66 	 86.62 	 54.21 	 617.59 	 1 	 0 	 0 	 0 
 154 	 18823 	 0.21 	 43.80 	 86.17 	 344.22 	 210.91 	 1 	 1 	 1 	 1 
 793 	 7674 	 0.19 	 42.81 	 84.85 	 7.01 	 172.96 	 0 	 0 	 0 	 0 
 1157 	 25271 	 0.09 	 42.96 	 88.22 	 237.97 	 203.66 	 1 	 0 	 0 	 0 
 256 	 13045 	 0.23 	 43.12 	 86.55 	 342.37 	 181.49 	 1 	 0 	 0 	 0 
 1253 	 18950 	 0.13 	 43.65 	 84.49 	 347.83 	 162.97 	 1 	 1 	 1 	 1 
 1349 	 3117 	 0.84 	 44.21 	 82.58 	 6.80 	 1010.04 	 0 	 0 	 0 	 0 
 1811 	 11352 	 0.77 	 44.37 	 80.47 	 343.58 	 1049.02 	 1 	 0 	 0 	 0 
 1811 	 1550 	 0.33 	 43.81 	 86.06 	 314.79 	 463.56 	 1 	 0 	 0 	 0 
 1530 	 9767 	 0.19 	 43.16 	 85.31 	 36.95 	 213.29 	 1 	 0 	 0 	 0 
 881 	 24680 	 0.34 	 44.03 	 85.84 	 308.46 	 495.97 	 0 	 0 	 0 	 0 
 1688 	 9113 	 0.27 	 42.86 	 80.52 	 6.77 	 294.02 	 0 	 0 	 0 	 0 
 1070 	 15942 	 0.35 	 43.35 	 86.54 	 137.10 	 540.93 	 0 	 0 	 0 	 0 
 623 	 15338 	 0.48 	 44.13 	 87.15 	 101.10 	 403.51 	 1 	 0 	 0 	 0 
 359 	 8599 	 0.35 	 44.03 	 83.12 	 25.12 	 359.05 	 1 	 1 	 1 	 1 
 794 	 24201 	 0.28 	 43.72 	 80.16 	 6.72 	 147.46 	 1 	 0 	 0 	 0 
 692 	 26614 	 0.13 	 42.53 	 84.72 	 331.58 	 221.80 	 1 	 0 	 0 	 0 
 428 	 20815 	 0.39 	 44.18 	 86.51 	 349.69 	 546.92 	 1 	 0 	 0 	 0 
 1254 	 18746 	 0.14 	 42.51 	 87.59 	 91.66 	 226.14 	 0 	 0 	 0 	 0 
 973 	 29913 	 0.77 	 44.67 	 85.88 	 314.58 	 555.89 	 0 	 0 	 0 	 0 
 1350 	 15616 	 0.55 	 43.88 	 83.14 	 21.58 	 888.18 	 0 	 0 	 0 	 0 
 257 	 14676 	 0.16 	 42.40 	 86.13 	 162.23 	 329.38 	 0 	 0 	 0 	 0 
 1812 	 29100 	 0.23 	 44.29 	 83.02 	 11.71 	 278.13 	 0 	 0 	 0 	 0 
 83 	 19398 	 0.31 	 43.16 	 86.06 	 129.06 	 518.51 	 0 	 0 	 0 	 0 
 530 	 6373 	 0.43 	 43.13 	 84.09 	 348.39 	 514.05 	 0 	 0 	 0 	 0 
 1446 	 16604 	 0.65 	 44.13 	 88.54 	 325.50 	 1240.16 	 1 	 0 	 0 	 0 
 1162 	 22924 	 0.12 	 42.94 	 82.34 	 8.48 	 154.23 	 1 	 0 	 0 	 0 
 160 	 27983 	 0.14 	 42.21 	 84.83 	 146.19 	 134.69 	 0 	 0 	 0 	 0 
 1635 	 24205 	 1.00 	 44.76 	 84.28 	 353.90 	 918.87 	 0 	 0 	 0 	 0 
 1531 	 29186 	 0.11 	 42.80 	 87.44 	 287.24 	 147.22 	 0 	 0 	 0 	 0 
 693 	 9138 	 0.57 	 43.97 	 88.40 	 336.65 	 496.74 	 0 	 0 	 0 	 0 
 362 	 28626 	 0.13 	 43.31 	 87.30 	 236.26 	 146.48 	 0 	 0 	 0 	 0 
 1071 	 21809 	 0.43 	 44.52 	 86.24 	 170.60 	 368.75 	 1 	 0 	 0 	 0 
 1071 	 27102 	 0.23 	 43.32 	 80.28 	 341.41 	 64.70 	 1 	 0 	 0 	 0 
 627 	 19121 	 0.98 	 44.97 	 88.64 	 57.32 	 845.51 	 1 	 1 	 1 	 1 
 1693 	 21279 	 0.44 	 43.91 	 84.94 	 15.73 	 735.70 	 0 	 0 	 0 	 0 
 1255 	 24279 	 0.30 	 43.17 	 79.57 	 355.35 	 462.29 	 0 	 0 	 0 	 0 
 974 	 23689 	 0.16 	 43.26 	 82.99 	 23.08 	 166.55 	 1 	 1 	 1 	 1 
 887 	 11847 	 0.23 	 43.27 	 79.79 	 352.08 	 146.91 	 0 	 0 	 0 	 0 
 258 	 15616 	 0.15 	 42.91 	 86.95 	 276.66 	 212.00 	 1 	 0 	 0 	 0 
 258 	 7854 	 0.14 	 43.52 	 83.33 	 21.52 	 301.94 	 1 	 1 	 1 	 1 
 1354 	 4363 	 0.13 	 42.32 	 86.59 	 166.08 	 235.56 	 0 	 0 	 0 	 0 
 1447 	 29368 	 0.41 	 43.79 	 86.20 	 129.97 	 602.95 	 1 	 0 	 0 	 0 
 1447 	 14724 	 0.40 	 43.31 	 82.39 	 7.83 	 449.68 	 0 	 0 	 0 	 0 
 1447 	 21279 	 0.10 	 42.59 	 82.56 	 336.36 	 289.96 	 1 	 0 	 0 	 0 
 1814 	 6062 	 0.30 	 43.99 	 85.33 	 35.47 	 392.05 	 1 	 1 	 1 	 1 
 798 	 121 	 0.22 	 42.56 	 87.38 	 100.70 	 113.50 	 0 	 0 	 0 	 0 
 434 	 4883 	 0.71 	 43.86 	 84.70 	 329.86 	 638.13 	 0 	 0 	 0 	 0 
 162 	 9938 	 0.66 	 43.68 	 84.26 	 347.75 	 1084.51 	 0 	 0 	 0 	 0 
 85 	 23321 	 0.48 	 44.67 	 84.25 	 6.28 	 520.19 	 0 	 0 	 0 	 0 
 1636 	 27921 	 1.69 	 44.91 	 86.39 	 306.61 	 1744.04 	 0 	 0 	 0 	 0 
 1533 	 4858 	 0.50 	 43.88 	 80.57 	 341.82 	 793.32 	 1 	 0 	 0 	 0 
 1168 	 1871 	 0.08 	 42.14 	 86.53 	 20.16 	 93.49 	 1 	 0 	 0 	 0 
 363 	 9768 	 0.16 	 43.04 	 85.08 	 33.92 	 438.02 	 1 	 1 	 1 	 1 
 1257 	 8621 	 0.34 	 43.71 	 86.70 	 233.65 	 256.99 	 1 	 0 	 0 	 0 
 978 	 5040 	 0.42 	 43.43 	 86.50 	 131.62 	 206.70 	 1 	 0 	 0 	 0 
 1815 	 21853 	 0.31 	 44.02 	 88.50 	 251.92 	 530.51 	 0 	 0 	 0 	 0 
 1075 	 12604 	 0.30 	 44.04 	 86.34 	 347.61 	 148.00 	 1 	 1 	 1 	 1 
 889 	 29928 	 0.10 	 42.85 	 84.80 	 216.92 	 174.32 	 1 	 0 	 0 	 0 
 1696 	 12322 	 0.53 	 43.34 	 84.54 	 149.38 	 558.02 	 0 	 0 	 0 	 0 
 1450 	 27120 	 0.33 	 43.64 	 88.38 	 309.51 	 305.36 	 0 	 0 	 0 	 0 
 537 	 24413 	 0.35 	 43.40 	 86.61 	 159.85 	 363.09 	 0 	 0 	 0 	 0 
 632 	 7927 	 0.68 	 44.64 	 86.40 	 305.59 	 246.16 	 1 	 0 	 0 	 0 
 698 	 4741 	 0.36 	 43.00 	 83.05 	 22.22 	 222.89 	 0 	 0 	 0 	 0 
 1637 	 23278 	 0.10 	 43.87 	 87.96 	 74.41 	 247.46 	 1 	 1 	 1 	 0 
 165 	 14211 	 0.43 	 44.17 	 82.86 	 338.98 	 440.01 	 1 	 0 	 0 	 0 
 439 	 5513 	 0.28 	 42.68 	 84.57 	 148.32 	 554.05 	 0 	 0 	 0 	 0 
 803 	 15619 	 0.07 	 43.29 	 84.55 	 62.17 	 125.48 	 1 	 1 	 1 	 0 
 266 	 97 	 0.10 	 42.45 	 79.89 	 355.00 	 196.93 	 1 	 0 	 0 	 0 
 1172 	 26162 	 0.44 	 43.77 	 88.60 	 139.12 	 209.15 	 1 	 0 	 0 	 0 
 979 	 2995 	 0.32 	 43.94 	 84.80 	 14.00 	 304.62 	 1 	 1 	 1 	 1 
 366 	 25744 	 0.24 	 42.80 	 82.18 	 352.96 	 401.66 	 0 	 0 	 0 	 0 
 366 	 3111 	 0.19 	 43.48 	 84.94 	 33.83 	 463.97 	 1 	 1 	 1 	 1 
 699 	 11941 	 0.36 	 43.55 	 87.08 	 90.27 	 561.45 	 0 	 0 	 0 	 0 
 538 	 29028 	 0.12 	 43.87 	 87.75 	 15.28 	 57.50 	 1 	 1 	 1 	 0 
 1364 	 16857 	 1.16 	 44.41 	 88.54 	 150.41 	 1537.61 	 0 	 0 	 0 	 0 
 892 	 16101 	 0.28 	 43.23 	 86.77 	 20.91 	 460.13 	 1 	 0 	 0 	 0 
 1541 	 13075 	 0.61 	 43.70 	 80.54 	 344.54 	 500.65 	 0 	 0 	 0 	 0 
 1262 	 17406 	 0.87 	 44.40 	 86.93 	 273.74 	 1291.74 	 0 	 0 	 0 	 0 
 1453 	 23726 	 0.12 	 42.77 	 80.00 	 6.46 	 152.77 	 1 	 0 	 0 	 0 
 1080 	 20918 	 0.13 	 42.50 	 86.56 	 201.57 	 198.93 	 0 	 0 	 0 	 0 
 1080 	 14846 	 0.23 	 42.85 	 86.20 	 344.33 	 321.96 	 1 	 0 	 0 	 0 
 1698 	 8904 	 0.04 	 42.11 	 88.08 	 326.37 	 134.41 	 1 	 1 	 1 	 1 
 441 	 14712 	 0.11 	 42.31 	 86.67 	 49.65 	 250.13 	 0 	 0 	 0 	 0 
 804 	 2267 	 0.60 	 43.79 	 88.85 	 59.77 	 554.53 	 0 	 0 	 0 	 0 
 637 	 18072 	 0.62 	 43.71 	 81.16 	 17.58 	 990.85 	 0 	 0 	 0 	 0 
 1641 	 7503 	 0.41 	 43.56 	 86.41 	 158.05 	 708.05 	 0 	 0 	 0 	 0 
 1173 	 8793 	 0.30 	 43.19 	 88.18 	 139.84 	 289.32 	 1 	 0 	 0 	 0 
 268 	 27859 	 0.09 	 42.02 	 88.62 	 43.55 	 118.92 	 0 	 0 	 0 	 0 
 268 	 15325 	 0.66 	 44.00 	 86.24 	 339.20 	 625.96 	 0 	 0 	 0 	 0 
 540 	 17730 	 1.32 	 44.94 	 84.25 	 148.19 	 1960.39 	 0 	 0 	 0 	 0 
 1263 	 12759 	 0.41 	 43.22 	 82.65 	 336.41 	 511.51 	 0 	 0 	 0 	 0 
 174 	 9068 	 0.15 	 43.48 	 85.09 	 218.64 	 107.86 	 1 	 0 	 0 	 0 
 174 	 11013 	 0.43 	 43.97 	 87.20 	 99.40 	 619.75 	 1 	 0 	 0 	 0 
 1081 	 16338 	 0.46 	 43.31 	 84.16 	 349.55 	 433.78 	 0 	 0 	 0 	 0 
 1367 	 9190 	 0.19 	 43.49 	 88.39 	 37.01 	 206.70 	 1 	 0 	 0 	 0 
 1542 	 24590 	 0.23 	 43.87 	 84.35 	 144.68 	 225.53 	 1 	 0 	 0 	 0 
 706 	 20028 	 0.12 	 42.96 	 85.13 	 330.34 	 419.49 	 0 	 0 	 0 	 0 
 1701 	 20958 	 0.74 	 43.75 	 87.31 	 274.98 	 806.19 	 0 	 0 	 0 	 0 
 896 	 21130 	 0.07 	 42.03 	 88.67 	 31.85 	 234.51 	 0 	 0 	 0 	 0 
 808 	 6463 	 0.06 	 42.46 	 87.24 	 14.64 	 209.31 	 1 	 0 	 0 	 0 
 269 	 22054 	 0.60 	 44.19 	 82.14 	 10.17 	 641.07 	 0 	 0 	 0 	 0 
 986 	 13307 	 0.19 	 42.81 	 82.33 	 8.34 	 233.43 	 1 	 0 	 0 	 0 
 1458 	 4735 	 0.11 	 42.14 	 86.71 	 15.72 	 273.13 	 0 	 0 	 0 	 0 
 446 	 17589 	 0.40 	 43.19 	 84.99 	 215.98 	 258.77 	 0 	 0 	 0 	 0 
 642 	 14107 	 0.19 	 42.69 	 82.39 	 338.39 	 336.53 	 0 	 0 	 0 	 0 
 642 	 1118 	 0.09 	 42.58 	 88.69 	 127.41 	 296.79 	 0 	 0 	 0 	 0 
 1083 	 4146 	 0.79 	 44.03 	 84.12 	 353.13 	 659.43 	 0 	 0 	 0 	 0 
 542 	 7115 	 1.33 	 44.47 	 84.93 	 213.98 	 1948.58 	 0 	 0 	 0 	 0 
 176 	 11881 	 0.33 	 43.09 	 82.75 	 339.44 	 497.47 	 0 	 0 	 0 	 0 
 708 	 1478 	 0.25 	 42.88 	 80.48 	 343.05 	 290.49 	 0 	 0 	 0 	 0 
 1702 	 3570 	 0.36 	 43.59 	 80.31 	 340.93 	 282.64 	 0 	 0 	 0 	 0 
 1177 	 9339 	 0.67 	 43.70 	 86.53 	 132.16 	 689.93 	 0 	 0 	 0 	 0 
 271 	 6540 	 0.34 	 43.27 	 87.61 	 97.33 	 536.71 	 0 	 0 	 0 	 0 
 271 	 10407 	 0.43 	 43.06 	 82.63 	 338.48 	 630.35 	 0 	 0 	 0 	 0 
 1459 	 21326 	 0.29 	 43.43 	 84.32 	 150.65 	 394.82 	 0 	 0 	 0 	 0 
 1267 	 27350 	 0.37 	 43.41 	 88.57 	 151.58 	 390.96 	 0 	 0 	 0 	 0 
 987 	 17569 	 0.66 	 43.85 	 80.31 	 7.79 	 980.34 	 0 	 0 	 0 	 0 
 987 	 15679 	 0.54 	 44.03 	 82.16 	 8.67 	 495.21 	 1 	 0 	 0 	 0 
 447 	 15357 	 0.11 	 42.79 	 88.69 	 52.27 	 98.56 	 1 	 1 	 1 	 1 
 1460 	 21371 	 0.27 	 43.38 	 84.13 	 351.20 	 376.89 	 1 	 0 	 0 	 0 
 1704 	 15728 	 0.10 	 43.44 	 86.09 	 337.35 	 175.22 	 1 	 1 	 1 	 1 
 1704 	 29581 	 1.77 	 44.58 	 86.56 	 235.83 	 2076.70 	 0 	 0 	 0 	 0 
 811 	 26438 	 0.34 	 43.58 	 86.76 	 205.68 	 262.11 	 0 	 0 	 0 	 0 
 272 	 24121 	 0.44 	 43.21 	 84.51 	 329.71 	 298.94 	 0 	 0 	 0 	 0 
 711 	 4207 	 0.41 	 43.98 	 80.99 	 343.97 	 535.76 	 0 	 0 	 0 	 0 
 1089 	 1716 	 0.64 	 44.42 	 86.68 	 159.50 	 980.93 	 1 	 0 	 0 	 0 
 989 	 1076 	 0.61 	 44.30 	 86.86 	 192.74 	 671.09 	 1 	 0 	 0 	 0 
 1268 	 23368 	 0.45 	 43.54 	 79.82 	 353.16 	 733.08 	 0 	 0 	 0 	 0 
 181 	 19849 	 0.70 	 43.93 	 88.37 	 318.93 	 1162.02 	 0 	 0 	 0 	 0 
 181 	 23959 	 0.47 	 43.62 	 86.69 	 49.04 	 248.94 	 0 	 0 	 0 	 0 
 549 	 22544 	 0.44 	 44.43 	 84.84 	 325.12 	 446.36 	 1 	 0 	 0 	 0 
 549 	 26531 	 0.44 	 44.16 	 86.93 	 20.38 	 513.34 	 1 	 1 	 1 	 1 
 1552 	 19993 	 0.17 	 44.05 	 84.12 	 344.81 	 562.90 	 1 	 1 	 1 	 1 
 907 	 7044 	 0.32 	 44.23 	 84.91 	 28.42 	 413.74 	 1 	 1 	 1 	 1 
 454 	 21275 	 1.04 	 44.56 	 80.79 	 342.33 	 1224.58 	 0 	 0 	 0 	 0 
 712 	 18468 	 0.10 	 42.68 	 87.57 	 276.67 	 274.26 	 1 	 0 	 0 	 0 
 182 	 5163 	 0.19 	 43.43 	 85.26 	 39.57 	 300.78 	 0 	 0 	 0 	 0 
 1706 	 16454 	 0.38 	 43.47 	 86.61 	 21.17 	 447.43 	 1 	 0 	 0 	 0 
 991 	 6861 	 0.26 	 42.53 	 84.61 	 329.34 	 577.36 	 0 	 0 	 0 	 0 
 991 	 28061 	 0.27 	 43.16 	 81.92 	 350.91 	 460.96 	 0 	 0 	 0 	 0 
 1270 	 16038 	 0.83 	 43.97 	 88.86 	 50.80 	 785.53 	 0 	 0 	 0 	 0 
 1093 	 11462 	 0.10 	 42.11 	 86.61 	 241.20 	 161.71 	 0 	 0 	 0 	 0 
 812 	 29767 	 0.32 	 43.91 	 80.56 	 342.51 	 214.40 	 1 	 0 	 0 	 0 
 457 	 11690 	 0.22 	 42.91 	 84.70 	 8.04 	 362.08 	 0 	 0 	 0 	 0 
 911 	 14217 	 0.33 	 43.36 	 86.57 	 237.75 	 387.61 	 1 	 0 	 0 	 0 
 994 	 30294 	 0.09 	 42.97 	 87.46 	 201.71 	 250.75 	 0 	 0 	 0 	 0 
 718 	 30281 	 0.20 	 43.32 	 86.84 	 96.02 	 287.50 	 1 	 0 	 0 	 0 
 1097 	 22272 	 0.13 	 43.65 	 84.96 	 213.54 	 176.61 	 1 	 0 	 0 	 0 
 1275 	 27515 	 0.36 	 43.01 	 82.32 	 7.19 	 426.95 	 0 	 0 	 0 	 0 
 816 	 19953 	 0.08 	 43.31 	 85.23 	 332.65 	 218.00 	 0 	 0 	 0 	 0 
 816 	 13787 	 0.19 	 42.90 	 88.51 	 222.19 	 44.01 	 1 	 0 	 0 	 0 
 1712 	 8464 	 0.49 	 43.85 	 86.01 	 162.16 	 511.94 	 0 	 0 	 0 	 0 
 996 	 16980 	 0.69 	 43.78 	 88.20 	 331.31 	 863.08 	 0 	 0 	 0 	 0 
 915 	 14232 	 0.12 	 42.50 	 86.56 	 130.40 	 149.64 	 1 	 0 	 0 	 0 
 915 	 21066 	 0.34 	 43.15 	 86.84 	 232.15 	 341.93 	 0 	 0 	 0 	 0 
 817 	 30275 	 0.15 	 43.03 	 86.52 	 313.95 	 114.04 	 1 	 0 	 0 	 0 
 1714 	 13320 	 0.11 	 42.36 	 85.99 	 348.00 	 77.93 	 0 	 0 	 0 	 0 
 1714 	 29143 	 0.47 	 43.90 	 84.97 	 31.73 	 318.87 	 1 	 0 	 0 	 0 
 1279 	 5673 	 0.60 	 44.31 	 84.77 	 148.16 	 939.24 	 1 	 0 	 0 	 0 
 999 	 30347 	 0.37 	 42.93 	 88.45 	 142.63 	 379.11 	 0 	 0 	 0 	 0 
 1719 	 9040 	 0.37 	 43.17 	 86.92 	 233.01 	 295.61 	 0 	 0 	 0 	 0 
 1723 	 5424 	 0.67 	 43.61 	 80.27 	 6.43 	 867.63 	 0 	 0 	 0 	 0 
 1731 	 1623 	 0.23 	 43.01 	 85.31 	 37.83 	 150.33 	 0 	 0 	 0 	 0 
 1732 	 8053 	 0.40 	 44.01 	 84.44 	 9.09 	 418.39 	 1 	 0 	 0 	 0 
 1732 	 919 	 0.26 	 44.34 	 79.90 	 341.38 	 100.82 	 0 	 0 	 0 	 0 
 