1644 	 72088 	 0.65 	 43.82 	 88.36 	 322.87 	 760.82 	 0 	 0 	 0 	 0 
 552 	 52289 	 0.15 	 42.38 	 88.79 	 39.16 	 261.38 	 0 	 0 	 0 	 0 
 734 	 9552 	 0.51 	 43.56 	 80.29 	 7.47 	 842.89 	 0 	 0 	 0 	 0 
 0 	 61589 	 0.52 	 43.89 	 86.87 	 202.11 	 694.31 	 1 	 0 	 0 	 0 
 1463 	 36655 	 0.39 	 43.23 	 84.49 	 11.83 	 560.73 	 0 	 0 	 0 	 0 
 1554 	 71938 	 0.18 	 43.14 	 88.88 	 238.21 	 242.69 	 1 	 0 	 0 	 0 
 1372 	 51604 	 0.46 	 43.68 	 82.47 	 10.60 	 397.54 	 0 	 0 	 0 	 0 
 369 	 3711 	 0.25 	 43.04 	 88.72 	 227.44 	 179.86 	 1 	 0 	 0 	 0 
 93 	 20579 	 0.24 	 44.10 	 86.14 	 138.42 	 110.24 	 1 	 1 	 1 	 1 
 461 	 31781 	 0.46 	 43.59 	 81.86 	 351.64 	 641.97 	 0 	 0 	 0 	 0 
 645 	 74086 	 0.28 	 43.22 	 87.06 	 281.31 	 484.28 	 0 	 0 	 0 	 0 
 918 	 8194 	 0.60 	 43.55 	 88.88 	 45.69 	 355.82 	 0 	 0 	 0 	 0 
 1101 	 63576 	 0.68 	 44.57 	 89.11 	 246.54 	 492.32 	 0 	 0 	 0 	 0 
 1192 	 42797 	 0.56 	 44.44 	 86.79 	 27.30 	 346.47 	 1 	 0 	 0 	 0 
 735 	 52929 	 0.43 	 43.71 	 88.32 	 43.78 	 486.91 	 0 	 0 	 0 	 0 
 1 	 17987 	 0.07 	 42.22 	 84.54 	 147.74 	 85.35 	 1 	 0 	 0 	 0 
 1 	 9356 	 0.26 	 43.42 	 86.53 	 52.32 	 59.08 	 1 	 0 	 0 	 0 
 1739 	 15626 	 0.34 	 43.17 	 85.19 	 31.07 	 686.97 	 0 	 0 	 0 	 0 
 1739 	 21455 	 0.30 	 43.11 	 83.26 	 21.63 	 228.99 	 0 	 0 	 0 	 0 
 554 	 52409 	 0.41 	 44.48 	 79.87 	 7.26 	 372.44 	 1 	 0 	 0 	 0 
 1464 	 65003 	 0.17 	 43.63 	 80.06 	 346.14 	 194.47 	 0 	 0 	 0 	 0 
 1285 	 39340 	 0.13 	 43.03 	 84.22 	 349.90 	 148.01 	 1 	 1 	 1 	 1 
 281 	 24983 	 0.14 	 42.63 	 84.42 	 7.41 	 188.62 	 0 	 0 	 0 	 0 
 189 	 30212 	 0.14 	 43.85 	 83.10 	 336.89 	 104.82 	 1 	 0 	 0 	 0 
 646 	 2358 	 0.76 	 43.73 	 86.33 	 309.14 	 1265.13 	 0 	 0 	 0 	 0 
 919 	 56994 	 0.08 	 42.11 	 84.98 	 28.82 	 182.12 	 0 	 0 	 0 	 0 
 1193 	 1428 	 0.13 	 43.89 	 85.18 	 80.02 	 286.51 	 1 	 1 	 1 	 0 
 1014 	 71746 	 0.05 	 44.04 	 86.80 	 249.69 	 102.29 	 1 	 1 	 1 	 1 
 832 	 3832 	 0.40 	 44.11 	 86.35 	 157.49 	 505.48 	 1 	 0 	 0 	 0 
 736 	 63211 	 0.28 	 43.08 	 84.64 	 152.45 	 368.28 	 0 	 0 	 0 	 0 
 2 	 30742 	 0.28 	 43.15 	 86.42 	 133.30 	 463.00 	 1 	 0 	 0 	 0 
 373 	 64360 	 0.14 	 42.12 	 87.18 	 91.32 	 288.93 	 0 	 0 	 0 	 0 
 373 	 13263 	 0.24 	 43.36 	 84.74 	 212.70 	 235.17 	 0 	 0 	 0 	 0 
 555 	 38509 	 0.30 	 43.16 	 89.01 	 41.31 	 513.34 	 0 	 0 	 0 	 0 
 1650 	 65991 	 0.14 	 43.39 	 84.71 	 148.35 	 211.93 	 1 	 0 	 0 	 0 
 1286 	 64378 	 0.02 	 42.39 	 86.90 	 130.75 	 228.75 	 1 	 1 	 1 	 1 
 282 	 47929 	 0.43 	 43.35 	 85.02 	 216.35 	 541.37 	 0 	 0 	 0 	 0 
 1377 	 5552 	 0.69 	 43.99 	 79.63 	 354.95 	 812.25 	 0 	 0 	 0 	 0 
 1377 	 9354 	 0.47 	 43.22 	 88.31 	 144.92 	 375.75 	 0 	 0 	 0 	 0 
 1105 	 3193 	 0.17 	 43.59 	 84.66 	 332.36 	 106.68 	 1 	 0 	 0 	 0 
 1560 	 63741 	 0.40 	 43.30 	 80.25 	 7.70 	 412.22 	 0 	 0 	 0 	 0 
 1560 	 7301 	 0.61 	 44.19 	 84.66 	 143.96 	 287.42 	 0 	 0 	 0 	 0 
 99 	 64083 	 0.03 	 43.21 	 86.91 	 212.49 	 193.31 	 1 	 1 	 1 	 1 
 191 	 38372 	 0.24 	 42.87 	 86.43 	 52.49 	 259.00 	 0 	 0 	 0 	 0 
 1742 	 35531 	 0.17 	 43.83 	 80.31 	 5.21 	 70.23 	 1 	 1 	 1 	 1 
 1194 	 19494 	 0.28 	 43.40 	 80.63 	 343.65 	 344.54 	 1 	 0 	 0 	 0 
 1194 	 8383 	 0.14 	 43.49 	 88.46 	 232.87 	 388.87 	 1 	 1 	 1 	 1 
 833 	 12704 	 0.23 	 43.74 	 83.24 	 23.92 	 392.12 	 1 	 1 	 1 	 1 
 737 	 35804 	 0.14 	 42.16 	 86.48 	 346.49 	 304.16 	 0 	 0 	 0 	 0 
 1468 	 26404 	 0.11 	 42.75 	 81.94 	 354.99 	 136.67 	 1 	 0 	 0 	 0 
 100 	 41682 	 0.14 	 43.05 	 86.31 	 310.82 	 199.23 	 1 	 0 	 0 	 0 
 100 	 55342 	 0.32 	 43.69 	 80.21 	 344.29 	 345.34 	 1 	 0 	 0 	 0 
 651 	 58297 	 0.02 	 42.60 	 87.05 	 141.23 	 96.65 	 1 	 1 	 1 	 1 
 924 	 54980 	 0.27 	 43.48 	 87.58 	 284.83 	 388.63 	 0 	 0 	 0 	 0 
 377 	 11769 	 0.31 	 43.76 	 85.01 	 331.87 	 155.79 	 0 	 0 	 0 	 0 
 1108 	 46232 	 0.07 	 42.01 	 79.71 	 352.34 	 154.76 	 0 	 0 	 0 	 0 
 560 	 7785 	 0.20 	 42.37 	 86.19 	 345.47 	 97.65 	 0 	 0 	 0 	 0 
 473 	 41775 	 0.41 	 43.45 	 86.94 	 239.93 	 389.53 	 0 	 0 	 0 	 0 
 195 	 42071 	 0.01 	 41.99 	 84.64 	 346.19 	 51.58 	 1 	 1 	 1 	 1 
 1746 	 40746 	 0.41 	 43.19 	 81.01 	 17.27 	 191.76 	 0 	 0 	 0 	 0 
 740 	 30106 	 0.30 	 43.12 	 86.85 	 56.98 	 289.00 	 0 	 0 	 0 	 0 
 1198 	 45520 	 0.31 	 43.49 	 88.54 	 229.03 	 219.22 	 1 	 0 	 0 	 0 
 1657 	 22566 	 0.22 	 42.68 	 84.71 	 9.53 	 302.42 	 0 	 0 	 0 	 0 
 838 	 12234 	 0.06 	 42.92 	 88.67 	 65.93 	 92.18 	 1 	 1 	 1 	 1 
 103 	 68445 	 0.17 	 43.36 	 82.51 	 341.15 	 328.59 	 1 	 0 	 0 	 0 
 1385 	 58224 	 0.43 	 43.39 	 84.67 	 327.70 	 457.78 	 0 	 0 	 0 	 0 
 1110 	 10237 	 0.21 	 42.94 	 86.91 	 233.07 	 179.06 	 1 	 0 	 0 	 0 
 291 	 56754 	 0.15 	 44.51 	 84.34 	 145.03 	 158.89 	 1 	 1 	 1 	 1 
 291 	 30853 	 0.37 	 44.23 	 82.26 	 341.60 	 404.91 	 0 	 0 	 0 	 0 
 13 	 56063 	 0.65 	 43.97 	 84.55 	 13.87 	 776.80 	 0 	 0 	 0 	 0 
 563 	 23558 	 0.09 	 42.00 	 84.78 	 8.19 	 152.78 	 0 	 0 	 0 	 0 
 1200 	 57628 	 0.68 	 44.25 	 82.12 	 350.93 	 811.51 	 0 	 0 	 0 	 0 
 1476 	 16032 	 0.28 	 43.80 	 83.58 	 24.42 	 393.43 	 1 	 0 	 0 	 0 
 1476 	 52422 	 0.37 	 43.10 	 87.40 	 271.79 	 526.66 	 0 	 0 	 0 	 0 
 839 	 59069 	 0.23 	 42.80 	 88.01 	 319.00 	 329.66 	 0 	 0 	 0 	 0 
 382 	 12267 	 0.14 	 44.54 	 85.87 	 145.60 	 244.98 	 1 	 1 	 1 	 0 
 743 	 13367 	 1.01 	 44.19 	 89.00 	 231.50 	 1067.29 	 0 	 0 	 0 	 0 
 477 	 317 	 0.09 	 42.35 	 86.60 	 168.86 	 77.59 	 0 	 0 	 0 	 0 
 199 	 13430 	 0.71 	 44.92 	 86.06 	 125.52 	 610.10 	 1 	 0 	 0 	 0 
 658 	 4475 	 0.56 	 43.32 	 85.06 	 33.97 	 608.82 	 0 	 0 	 0 	 0 
 1386 	 39122 	 0.06 	 42.13 	 84.97 	 38.56 	 66.78 	 1 	 0 	 0 	 0 
 1750 	 29655 	 0.18 	 43.37 	 87.96 	 318.80 	 255.09 	 1 	 0 	 0 	 0 
 1029 	 32287 	 0.16 	 42.64 	 84.38 	 348.08 	 279.89 	 0 	 0 	 0 	 0 
 932 	 71012 	 0.18 	 42.76 	 84.91 	 210.63 	 259.31 	 0 	 0 	 0 	 0 
 932 	 35182 	 0.12 	 43.68 	 85.76 	 338.52 	 98.68 	 1 	 0 	 0 	 0 
 106 	 6985 	 0.28 	 42.77 	 84.79 	 328.49 	 192.07 	 0 	 0 	 0 	 0 
 14 	 66441 	 0.03 	 42.13 	 81.51 	 349.99 	 165.67 	 1 	 0 	 0 	 0 
 1661 	 33759 	 0.51 	 43.52 	 86.18 	 313.89 	 761.06 	 0 	 0 	 0 	 0 
 1573 	 13002 	 0.53 	 43.34 	 82.08 	 353.01 	 169.15 	 0 	 0 	 0 	 0 
 840 	 25652 	 1.44 	 44.52 	 82.41 	 6.21 	 829.06 	 0 	 0 	 0 	 0 
 565 	 1203 	 0.19 	 43.19 	 81.89 	 353.15 	 115.74 	 1 	 0 	 0 	 0 
 478 	 68798 	 0.85 	 44.66 	 86.24 	 133.88 	 1122.65 	 1 	 0 	 0 	 0 
 200 	 38609 	 0.91 	 44.16 	 86.85 	 22.65 	 967.55 	 0 	 0 	 0 	 0 
 659 	 15018 	 0.56 	 43.87 	 80.36 	 3.69 	 620.01 	 0 	 0 	 0 	 0 
 1302 	 11264 	 0.31 	 44.36 	 81.91 	 9.54 	 128.87 	 1 	 0 	 0 	 0 
 1115 	 57244 	 0.31 	 44.18 	 80.36 	 4.07 	 420.94 	 1 	 0 	 0 	 0 
 1388 	 64493 	 0.06 	 42.06 	 82.34 	 11.22 	 251.36 	 0 	 0 	 0 	 0 
 1752 	 36635 	 0.59 	 43.67 	 84.65 	 13.51 	 576.15 	 0 	 0 	 0 	 0 
 1662 	 769 	 0.27 	 42.95 	 80.76 	 342.56 	 180.96 	 0 	 0 	 0 	 0 
 1031 	 61954 	 0.05 	 42.38 	 84.94 	 149.77 	 189.30 	 1 	 0 	 0 	 0 
 1031 	 25491 	 0.31 	 43.27 	 86.85 	 17.35 	 253.63 	 1 	 0 	 0 	 0 
 1205 	 41073 	 0.52 	 43.84 	 86.77 	 192.17 	 551.54 	 0 	 0 	 0 	 0 
 1205 	 70349 	 0.44 	 44.16 	 80.83 	 341.03 	 299.17 	 0 	 0 	 0 	 0 
 387 	 24386 	 0.27 	 42.91 	 82.18 	 353.40 	 343.17 	 0 	 0 	 0 	 0 
 201 	 8123 	 0.35 	 43.52 	 84.67 	 324.75 	 293.96 	 0 	 0 	 0 	 0 
 660 	 12123 	 0.68 	 43.68 	 86.40 	 130.64 	 605.66 	 0 	 0 	 0 	 0 
 660 	 54413 	 0.80 	 44.19 	 79.68 	 352.22 	 1249.03 	 0 	 0 	 0 	 0 
 842 	 28869 	 0.49 	 44.70 	 86.55 	 61.94 	 816.97 	 1 	 1 	 1 	 1 
 1576 	 22536 	 0.15 	 43.78 	 82.01 	 334.89 	 117.71 	 0 	 0 	 0 	 0 
 1576 	 2787 	 0.42 	 43.45 	 84.97 	 33.09 	 573.30 	 1 	 0 	 0 	 0 
 480 	 581 	 1.86 	 44.96 	 85.38 	 212.18 	 1809.65 	 0 	 0 	 0 	 0 
 18 	 59306 	 1.22 	 44.39 	 87.12 	 92.36 	 1351.33 	 0 	 0 	 0 	 0 
 111 	 49141 	 0.25 	 44.65 	 86.25 	 167.51 	 226.18 	 1 	 1 	 1 	 1 
 751 	 17707 	 0.03 	 42.29 	 83.09 	 24.95 	 54.85 	 1 	 1 	 1 	 1 
 1033 	 18408 	 0.28 	 43.05 	 79.89 	 353.79 	 436.07 	 0 	 0 	 0 	 0 
 1391 	 10635 	 0.46 	 44.34 	 81.74 	 349.20 	 603.39 	 0 	 0 	 0 	 0 
 1755 	 57296 	 0.39 	 44.09 	 88.11 	 331.89 	 527.91 	 1 	 0 	 0 	 0 
 570 	 40774 	 0.13 	 43.53 	 79.43 	 354.43 	 259.60 	 1 	 0 	 0 	 0 
 1207 	 21894 	 0.43 	 44.28 	 89.09 	 215.53 	 461.77 	 1 	 0 	 0 	 0 
 1119 	 31746 	 0.88 	 44.03 	 88.65 	 226.88 	 1526.47 	 0 	 0 	 0 	 0 
 1577 	 42524 	 0.77 	 44.13 	 88.75 	 235.53 	 679.56 	 1 	 0 	 0 	 0 
 1307 	 27173 	 0.33 	 43.61 	 88.49 	 64.66 	 138.52 	 0 	 0 	 0 	 0 
 303 	 24596 	 0.66 	 43.80 	 84.23 	 349.91 	 617.10 	 0 	 0 	 0 	 0 
 1666 	 27933 	 0.26 	 43.28 	 88.67 	 314.00 	 418.72 	 0 	 0 	 0 	 0 
 845 	 23539 	 0.25 	 42.96 	 86.59 	 195.35 	 387.19 	 0 	 0 	 0 	 0 
 20 	 48457 	 0.74 	 43.86 	 83.91 	 348.47 	 898.27 	 0 	 0 	 0 	 0 
 941 	 17241 	 0.04 	 43.04 	 87.21 	 266.21 	 75.58 	 1 	 1 	 1 	 1 
 941 	 954 	 0.26 	 43.08 	 86.45 	 234.09 	 446.49 	 0 	 0 	 0 	 0 
 1392 	 47235 	 0.21 	 43.16 	 86.78 	 242.15 	 349.08 	 0 	 0 	 0 	 0 
 1392 	 7213 	 1.20 	 44.17 	 87.30 	 276.31 	 1281.51 	 0 	 0 	 0 	 0 
 1489 	 17774 	 0.27 	 43.71 	 88.15 	 150.02 	 100.88 	 1 	 1 	 1 	 1 
 392 	 50190 	 0.56 	 43.66 	 88.02 	 319.31 	 855.82 	 0 	 0 	 0 	 0 
 114 	 59897 	 0.43 	 43.87 	 80.72 	 5.66 	 547.41 	 0 	 0 	 0 	 0 
 754 	 74164 	 0.09 	 42.04 	 86.63 	 19.67 	 212.64 	 1 	 0 	 0 	 0 
 485 	 13095 	 0.51 	 43.46 	 86.63 	 18.54 	 328.83 	 0 	 0 	 0 	 0 
 1667 	 216 	 0.32 	 42.88 	 86.64 	 235.65 	 93.97 	 0 	 0 	 0 	 0 
 1667 	 38266 	 0.43 	 43.13 	 86.36 	 344.40 	 707.72 	 0 	 0 	 0 	 0 
 1667 	 65338 	 0.09 	 42.34 	 79.68 	 354.11 	 256.88 	 1 	 0 	 0 	 0 
 1758 	 40071 	 0.19 	 42.81 	 86.65 	 159.75 	 261.18 	 0 	 0 	 0 	 0 
 1309 	 13585 	 0.36 	 43.34 	 82.36 	 338.98 	 303.71 	 0 	 0 	 0 	 0 
 305 	 9088 	 0.30 	 43.14 	 80.39 	 6.34 	 268.67 	 1 	 0 	 0 	 0 
 305 	 3069 	 0.26 	 42.91 	 86.09 	 347.00 	 207.01 	 0 	 0 	 0 	 0 
 208 	 38244 	 0.77 	 43.99 	 86.36 	 168.16 	 799.97 	 0 	 0 	 0 	 0 
 208 	 53606 	 0.16 	 43.17 	 82.73 	 335.03 	 103.94 	 1 	 0 	 0 	 0 
 1122 	 39285 	 0.55 	 44.49 	 82.38 	 353.69 	 751.05 	 1 	 0 	 0 	 0 
 1037 	 14735 	 0.11 	 44.01 	 87.80 	 275.69 	 269.88 	 1 	 1 	 1 	 1 
 574 	 53185 	 0.33 	 43.60 	 86.14 	 168.47 	 367.76 	 0 	 0 	 0 	 0 
 1393 	 17639 	 0.33 	 43.76 	 84.13 	 350.45 	 332.75 	 1 	 0 	 0 	 0 
 943 	 6634 	 0.52 	 43.75 	 82.57 	 339.87 	 321.22 	 0 	 0 	 0 	 0 
 848 	 70862 	 0.55 	 44.40 	 82.95 	 7.57 	 575.64 	 0 	 0 	 0 	 0 
 23 	 49718 	 0.28 	 44.25 	 86.87 	 202.42 	 386.29 	 1 	 1 	 1 	 1 
 116 	 53739 	 0.47 	 43.45 	 81.23 	 16.76 	 677.95 	 0 	 0 	 0 	 0 
 1123 	 49733 	 0.37 	 43.70 	 85.16 	 12.01 	 275.90 	 0 	 0 	 0 	 0 
 395 	 67190 	 0.46 	 44.50 	 88.16 	 49.34 	 455.05 	 1 	 0 	 0 	 0 
 395 	 50631 	 0.24 	 42.76 	 82.96 	 23.46 	 228.08 	 0 	 0 	 0 	 0 
 1669 	 4936 	 0.42 	 43.46 	 84.82 	 36.53 	 632.07 	 0 	 0 	 0 	 0 
 1669 	 42625 	 0.46 	 43.58 	 87.17 	 200.60 	 533.98 	 0 	 0 	 0 	 0 
 1669 	 20342 	 0.91 	 43.93 	 84.73 	 146.88 	 951.44 	 0 	 0 	 0 	 0 
 671 	 15421 	 0.19 	 42.95 	 85.89 	 311.82 	 204.76 	 0 	 0 	 0 	 0 
 671 	 46190 	 0.29 	 44.41 	 87.25 	 80.96 	 188.23 	 1 	 0 	 0 	 0 
 1584 	 57172 	 0.09 	 43.24 	 86.61 	 26.70 	 179.16 	 1 	 1 	 1 	 1 
 210 	 10775 	 0.09 	 43.00 	 86.04 	 336.43 	 45.87 	 1 	 0 	 0 	 0 
 944 	 8614 	 0.21 	 42.64 	 86.50 	 234.21 	 324.32 	 0 	 0 	 0 	 0 
 489 	 34122 	 0.74 	 44.14 	 82.57 	 336.12 	 547.83 	 0 	 0 	 0 	 0 
 1761 	 56136 	 0.22 	 43.71 	 85.46 	 211.03 	 227.20 	 1 	 0 	 0 	 0 
 1395 	 7370 	 0.15 	 44.13 	 85.94 	 310.37 	 227.99 	 1 	 1 	 1 	 1 
 1495 	 25737 	 0.17 	 42.36 	 88.31 	 317.24 	 87.72 	 0 	 0 	 0 	 0 
 1495 	 18173 	 0.90 	 44.16 	 81.79 	 354.23 	 1151.75 	 0 	 0 	 0 	 0 
 1495 	 10710 	 0.52 	 44.21 	 80.78 	 16.91 	 681.74 	 1 	 0 	 0 	 0 
 759 	 67938 	 0.18 	 43.67 	 81.92 	 9.95 	 231.60 	 0 	 0 	 0 	 0 
 117 	 8489 	 0.08 	 42.72 	 86.42 	 230.04 	 134.65 	 1 	 0 	 0 	 0 
 117 	 47948 	 0.41 	 43.38 	 80.74 	 344.03 	 486.13 	 0 	 0 	 0 	 0 
 25 	 63477 	 0.03 	 43.62 	 80.66 	 337.84 	 139.12 	 0 	 0 	 0 	 0 
 25 	 42847 	 0.38 	 44.04 	 84.74 	 215.33 	 405.36 	 1 	 0 	 0 	 0 
 310 	 40087 	 0.10 	 43.30 	 87.36 	 97.11 	 83.55 	 1 	 1 	 1 	 1 
 1314 	 54107 	 0.19 	 43.90 	 84.00 	 329.62 	 231.10 	 1 	 0 	 0 	 0 
 1585 	 73488 	 0.33 	 44.25 	 82.93 	 25.29 	 299.33 	 1 	 1 	 1 	 1 
 852 	 4171 	 0.08 	 42.62 	 84.82 	 325.64 	 71.60 	 1 	 0 	 0 	 0 
 1125 	 38800 	 0.86 	 44.05 	 82.77 	 339.32 	 1228.28 	 0 	 0 	 0 	 0 
 1125 	 16684 	 0.14 	 42.34 	 86.48 	 232.72 	 423.20 	 0 	 0 	 0 	 0 
 1125 	 21423 	 0.28 	 42.97 	 80.67 	 344.20 	 311.56 	 0 	 0 	 0 	 0 
 673 	 39472 	 0.30 	 43.02 	 87.00 	 21.61 	 364.62 	 0 	 0 	 0 	 0 
 398 	 36281 	 0.29 	 42.93 	 86.16 	 309.61 	 561.15 	 0 	 0 	 0 	 0 
 1396 	 15492 	 0.52 	 43.46 	 88.50 	 328.71 	 921.94 	 0 	 0 	 0 	 0 
 1396 	 13438 	 0.18 	 42.36 	 84.76 	 11.56 	 326.31 	 0 	 0 	 0 	 0 
 1673 	 65700 	 0.21 	 44.05 	 83.55 	 24.52 	 255.53 	 1 	 1 	 1 	 1 
 119 	 37119 	 0.22 	 43.08 	 86.55 	 136.55 	 456.00 	 0 	 0 	 0 	 0 
 119 	 22463 	 0.81 	 44.35 	 84.87 	 34.58 	 708.41 	 1 	 0 	 0 	 0 
 1315 	 42760 	 0.91 	 44.58 	 88.12 	 139.89 	 1191.36 	 1 	 0 	 0 	 0 
 1315 	 11434 	 0.14 	 43.28 	 82.47 	 338.59 	 220.11 	 1 	 0 	 0 	 0 
 582 	 26747 	 0.37 	 44.10 	 83.02 	 337.94 	 654.06 	 1 	 0 	 0 	 0 
 582 	 18846 	 0.40 	 44.44 	 80.21 	 356.15 	 369.26 	 1 	 0 	 0 	 0 
 948 	 30381 	 0.19 	 42.88 	 80.13 	 5.19 	 254.01 	 1 	 0 	 0 	 0 
 312 	 23650 	 0.98 	 44.63 	 86.70 	 163.86 	 840.46 	 1 	 0 	 0 	 0 
 1587 	 21355 	 0.25 	 44.20 	 86.69 	 207.69 	 243.32 	 1 	 0 	 0 	 0 
 1047 	 51672 	 0.32 	 43.32 	 86.07 	 343.73 	 295.22 	 1 	 0 	 0 	 0 
 1127 	 29883 	 0.14 	 42.35 	 81.05 	 17.83 	 106.86 	 1 	 0 	 0 	 0 
 399 	 73739 	 0.16 	 42.54 	 86.58 	 198.74 	 385.80 	 0 	 0 	 0 	 0 
 675 	 29168 	 0.05 	 42.33 	 81.54 	 354.53 	 108.58 	 1 	 0 	 0 	 0 
 675 	 49922 	 0.33 	 43.17 	 80.91 	 16.91 	 197.58 	 0 	 0 	 0 	 0 
 1225 	 8045 	 0.11 	 42.14 	 85.07 	 216.41 	 173.41 	 0 	 0 	 0 	 0 
 30 	 41079 	 0.74 	 43.93 	 82.08 	 352.17 	 331.65 	 0 	 0 	 0 	 0 
 765 	 43648 	 0.28 	 43.81 	 84.58 	 144.48 	 485.73 	 1 	 0 	 0 	 0 
 856 	 67142 	 0.19 	 43.10 	 84.55 	 15.52 	 372.94 	 0 	 0 	 0 	 0 
 949 	 35786 	 0.22 	 43.70 	 81.57 	 351.98 	 458.18 	 1 	 0 	 0 	 0 
 949 	 33874 	 0.74 	 44.21 	 84.67 	 35.21 	 747.32 	 0 	 0 	 0 	 0 
 949 	 5588 	 0.40 	 43.68 	 80.86 	 344.84 	 382.16 	 0 	 0 	 0 	 0 
 121 	 3291 	 0.51 	 44.53 	 80.40 	 3.25 	 768.83 	 1 	 0 	 0 	 0 
 1400 	 60599 	 0.56 	 43.61 	 88.55 	 222.66 	 771.48 	 0 	 0 	 0 	 0 
 584 	 51866 	 0.16 	 42.83 	 86.91 	 60.17 	 260.09 	 0 	 0 	 0 	 0 
 584 	 39419 	 0.61 	 44.17 	 83.51 	 24.86 	 1074.55 	 0 	 0 	 0 	 0 
 584 	 45406 	 0.47 	 43.52 	 86.84 	 201.36 	 441.30 	 0 	 0 	 0 	 0 
 1048 	 47957 	 0.91 	 43.97 	 86.45 	 166.85 	 856.29 	 0 	 0 	 0 	 0 
 1128 	 26909 	 0.25 	 43.43 	 86.12 	 310.10 	 346.84 	 1 	 0 	 0 	 0 
 1128 	 7645 	 0.72 	 43.99 	 81.86 	 353.02 	 756.65 	 0 	 0 	 0 	 0 
 1677 	 71333 	 0.96 	 44.17 	 87.23 	 280.31 	 742.87 	 0 	 0 	 0 	 0 
 1770 	 64139 	 0.16 	 42.47 	 87.11 	 19.97 	 389.41 	 0 	 0 	 0 	 0 
 1770 	 72565 	 0.15 	 43.78 	 86.00 	 136.93 	 125.80 	 1 	 1 	 1 	 1 
 676 	 31213 	 0.78 	 43.91 	 88.32 	 317.38 	 926.34 	 0 	 0 	 0 	 0 
 676 	 17326 	 0.48 	 43.96 	 84.96 	 331.73 	 466.61 	 0 	 0 	 0 	 0 
 1589 	 31190 	 0.44 	 43.92 	 84.49 	 329.58 	 529.45 	 1 	 0 	 0 	 0 
 220 	 50467 	 0.20 	 42.97 	 88.38 	 54.56 	 257.58 	 0 	 0 	 0 	 0 
 401 	 48050 	 0.74 	 44.57 	 86.59 	 350.43 	 530.01 	 0 	 0 	 0 	 0 
 315 	 69535 	 0.13 	 42.09 	 88.09 	 328.56 	 406.75 	 0 	 0 	 0 	 0 
 1505 	 24272 	 0.30 	 42.87 	 86.73 	 15.56 	 416.50 	 0 	 0 	 0 	 0 
 500 	 55694 	 0.69 	 43.93 	 86.80 	 200.85 	 1284.08 	 0 	 0 	 0 	 0 
 950 	 29860 	 0.18 	 42.65 	 82.23 	 339.18 	 147.61 	 0 	 0 	 0 	 0 
 32 	 70514 	 0.25 	 43.20 	 86.39 	 237.04 	 517.16 	 0 	 0 	 0 	 0 
 32 	 48405 	 0.37 	 42.98 	 88.60 	 44.68 	 471.04 	 0 	 0 	 0 	 0 
 586 	 24924 	 0.18 	 42.53 	 84.07 	 350.58 	 356.45 	 0 	 0 	 0 	 0 
 677 	 6853 	 0.45 	 43.34 	 88.81 	 228.30 	 495.29 	 0 	 0 	 0 	 0 
 1130 	 57637 	 0.29 	 43.01 	 86.57 	 231.01 	 405.46 	 0 	 0 	 0 	 0 
 402 	 11844 	 0.05 	 42.52 	 85.05 	 215.13 	 109.28 	 1 	 0 	 0 	 0 
 316 	 34552 	 0.34 	 43.11 	 86.60 	 162.98 	 272.58 	 0 	 0 	 0 	 0 
 1679 	 34098 	 0.08 	 42.97 	 86.76 	 53.93 	 180.14 	 1 	 1 	 1 	 1 
 860 	 38410 	 0.21 	 42.81 	 80.16 	 6.78 	 348.40 	 0 	 0 	 0 	 0 
 1591 	 23704 	 0.37 	 43.41 	 81.82 	 354.43 	 509.81 	 0 	 0 	 0 	 0 
 1506 	 44742 	 0.09 	 43.33 	 87.19 	 206.21 	 76.09 	 1 	 1 	 1 	 1 
 770 	 42932 	 0.69 	 43.64 	 86.91 	 15.99 	 636.88 	 0 	 0 	 0 	 0 
 126 	 20179 	 0.37 	 43.68 	 86.17 	 159.96 	 407.86 	 1 	 0 	 0 	 0 
 1324 	 46698 	 0.29 	 43.47 	 88.50 	 150.62 	 312.39 	 1 	 0 	 0 	 0 
 223 	 40574 	 0.35 	 45.00 	 79.71 	 343.75 	 236.63 	 0 	 0 	 0 	 0 
 1774 	 21532 	 0.20 	 42.31 	 87.21 	 95.00 	 223.74 	 0 	 0 	 0 	 0 
 34 	 12786 	 0.71 	 43.97 	 86.59 	 129.78 	 984.29 	 0 	 0 	 0 	 0 
 587 	 20045 	 0.39 	 43.08 	 84.76 	 10.60 	 399.55 	 0 	 0 	 0 	 0 
 1680 	 48137 	 0.12 	 42.19 	 82.21 	 337.72 	 235.69 	 0 	 0 	 0 	 0 
 1680 	 39126 	 0.30 	 43.54 	 84.33 	 331.86 	 333.97 	 1 	 0 	 0 	 0 
 861 	 42538 	 0.42 	 43.82 	 88.29 	 320.87 	 595.17 	 1 	 0 	 0 	 0 
 679 	 8344 	 0.29 	 43.09 	 82.92 	 25.74 	 344.00 	 0 	 0 	 0 	 0 
 679 	 20674 	 0.13 	 43.68 	 82.06 	 337.11 	 133.34 	 1 	 0 	 0 	 0 
 771 	 31035 	 0.02 	 43.59 	 86.71 	 343.09 	 73.16 	 1 	 1 	 1 	 1 
 1593 	 42000 	 0.26 	 43.14 	 84.80 	 327.47 	 322.40 	 0 	 0 	 0 	 0 
 1133 	 45384 	 0.64 	 44.02 	 86.35 	 314.05 	 825.26 	 1 	 0 	 0 	 0 
 319 	 61875 	 0.33 	 43.34 	 88.90 	 214.63 	 663.72 	 0 	 0 	 0 	 0 
 1056 	 65854 	 0.14 	 42.53 	 85.17 	 37.90 	 340.91 	 0 	 0 	 0 	 0 
 1775 	 35793 	 0.21 	 43.67 	 87.26 	 200.16 	 111.11 	 1 	 0 	 0 	 0 
 35 	 16421 	 0.24 	 42.82 	 86.93 	 199.72 	 301.76 	 0 	 0 	 0 	 0 
 1409 	 52022 	 0.25 	 43.21 	 80.17 	 5.16 	 366.40 	 1 	 0 	 0 	 0 
 406 	 35889 	 0.18 	 42.54 	 86.16 	 129.07 	 60.35 	 0 	 0 	 0 	 0 
 406 	 19818 	 0.80 	 44.68 	 80.23 	 8.68 	 833.98 	 0 	 0 	 0 	 0 
 1327 	 7511 	 0.29 	 43.82 	 85.29 	 35.87 	 464.97 	 1 	 1 	 1 	 1 
 589 	 10907 	 0.32 	 43.69 	 84.74 	 215.55 	 323.45 	 1 	 0 	 0 	 0 
 862 	 38099 	 0.53 	 43.83 	 88.32 	 328.97 	 446.87 	 1 	 0 	 0 	 0 
 680 	 25234 	 0.39 	 44.08 	 87.23 	 25.83 	 774.55 	 0 	 0 	 0 	 0 
 772 	 56912 	 0.53 	 43.79 	 80.26 	 342.79 	 736.20 	 0 	 0 	 0 	 0 
 1238 	 23966 	 0.06 	 43.53 	 80.77 	 21.35 	 36.97 	 1 	 1 	 1 	 1 
 320 	 10650 	 0.48 	 43.97 	 81.44 	 353.51 	 582.82 	 0 	 0 	 0 	 0 
 131 	 29567 	 0.39 	 44.75 	 86.29 	 158.80 	 451.18 	 1 	 1 	 1 	 1 
 1135 	 18377 	 0.05 	 42.02 	 85.06 	 12.31 	 100.69 	 1 	 0 	 0 	 0 
 1135 	 55249 	 0.81 	 44.09 	 84.82 	 147.90 	 1064.11 	 0 	 0 	 0 	 0 
 960 	 2009 	 0.28 	 43.33 	 85.06 	 211.88 	 370.67 	 1 	 0 	 0 	 0 
 511 	 30823 	 1.34 	 44.66 	 85.08 	 32.57 	 1703.15 	 1 	 0 	 0 	 0 
 408 	 68667 	 0.75 	 44.22 	 86.34 	 59.85 	 704.54 	 0 	 0 	 0 	 0 
 1514 	 39200 	 0.14 	 42.55 	 82.03 	 354.71 	 253.68 	 0 	 0 	 0 	 0 
 1685 	 67962 	 0.30 	 44.21 	 79.84 	 342.11 	 493.87 	 0 	 0 	 0 	 0 
 230 	 43802 	 0.34 	 43.66 	 81.42 	 18.75 	 208.66 	 0 	 0 	 0 	 0 
 1778 	 70820 	 0.19 	 42.44 	 81.89 	 352.10 	 202.00 	 0 	 0 	 0 	 0 
 863 	 45963 	 0.56 	 43.96 	 89.05 	 228.53 	 677.40 	 0 	 0 	 0 	 0 
 863 	 69485 	 0.33 	 43.55 	 83.07 	 23.02 	 565.71 	 1 	 0 	 0 	 0 
 863 	 878 	 0.19 	 42.58 	 86.55 	 51.88 	 624.81 	 0 	 0 	 0 	 0 
 863 	 70543 	 0.17 	 43.86 	 82.10 	 335.55 	 447.36 	 1 	 0 	 0 	 0 
 38 	 20613 	 0.38 	 43.47 	 88.28 	 145.41 	 452.71 	 1 	 0 	 0 	 0 
 1412 	 31794 	 0.09 	 42.86 	 85.88 	 342.89 	 231.50 	 1 	 0 	 0 	 0 
 591 	 32041 	 0.29 	 43.59 	 87.07 	 278.55 	 167.59 	 1 	 0 	 0 	 0 
 1598 	 53702 	 0.30 	 43.43 	 84.83 	 30.54 	 339.86 	 0 	 0 	 0 	 0 
 774 	 46488 	 0.27 	 42.94 	 86.49 	 307.69 	 205.99 	 0 	 0 	 0 	 0 
 683 	 65480 	 0.64 	 43.89 	 87.29 	 282.86 	 428.53 	 0 	 0 	 0 	 0 
 683 	 52956 	 0.38 	 43.86 	 81.27 	 20.44 	 480.87 	 0 	 0 	 0 	 0 
 961 	 61217 	 0.36 	 44.02 	 79.85 	 355.03 	 279.36 	 1 	 0 	 0 	 0 
 961 	 13019 	 0.51 	 43.96 	 86.25 	 307.08 	 736.39 	 1 	 0 	 0 	 0 
 409 	 51090 	 0.05 	 42.58 	 81.00 	 19.03 	 83.81 	 1 	 1 	 1 	 1 
 323 	 36777 	 0.41 	 43.59 	 87.16 	 98.98 	 438.55 	 1 	 0 	 0 	 0 
 513 	 61214 	 0.42 	 43.67 	 82.48 	 338.88 	 485.17 	 1 	 0 	 0 	 0 
 1333 	 18064 	 0.45 	 43.88 	 84.98 	 217.44 	 461.14 	 1 	 0 	 0 	 0 
 592 	 31700 	 0.92 	 44.49 	 86.42 	 156.65 	 932.19 	 0 	 0 	 0 	 0 
 1516 	 13500 	 0.50 	 43.44 	 87.24 	 280.13 	 658.25 	 0 	 0 	 0 	 0 
 1599 	 32997 	 0.39 	 43.68 	 80.07 	 6.78 	 814.50 	 1 	 0 	 0 	 0 
 1065 	 18585 	 0.12 	 43.02 	 85.45 	 37.92 	 82.16 	 0 	 0 	 0 	 0 
 1781 	 21066 	 0.40 	 43.95 	 86.10 	 157.82 	 464.71 	 0 	 0 	 0 	 0 
 1415 	 43067 	 0.46 	 43.74 	 81.77 	 351.68 	 365.18 	 1 	 0 	 0 	 0 
 137 	 2911 	 0.54 	 44.35 	 82.64 	 7.61 	 966.59 	 1 	 0 	 0 	 0 
 1689 	 25316 	 0.42 	 44.10 	 83.04 	 21.72 	 256.12 	 1 	 0 	 0 	 0 
 42 	 66076 	 0.69 	 43.61 	 86.85 	 236.63 	 897.73 	 0 	 0 	 0 	 0 
 324 	 44394 	 0.20 	 42.34 	 86.17 	 310.69 	 242.38 	 0 	 0 	 0 	 0 
 324 	 14398 	 0.20 	 43.91 	 79.25 	 356.05 	 186.76 	 1 	 0 	 0 	 0 
 963 	 6117 	 0.58 	 43.71 	 86.24 	 307.33 	 562.23 	 0 	 0 	 0 	 0 
 867 	 59562 	 0.04 	 43.23 	 84.68 	 34.14 	 94.35 	 1 	 1 	 1 	 1 
 867 	 11316 	 0.07 	 43.05 	 88.60 	 27.55 	 266.06 	 1 	 1 	 1 	 1 
 411 	 59778 	 0.10 	 42.79 	 79.97 	 353.61 	 384.77 	 1 	 0 	 0 	 0 
 1142 	 22012 	 0.27 	 43.65 	 88.35 	 332.77 	 269.68 	 1 	 0 	 0 	 0 
 1066 	 3859 	 0.73 	 43.80 	 84.17 	 349.97 	 1086.77 	 0 	 0 	 0 	 0 
 779 	 72809 	 0.81 	 44.12 	 81.74 	 354.80 	 588.96 	 0 	 0 	 0 	 0 
 1336 	 21439 	 0.21 	 43.56 	 85.22 	 213.46 	 286.53 	 1 	 0 	 0 	 0 
 595 	 37263 	 0.12 	 43.10 	 86.28 	 20.49 	 184.46 	 0 	 0 	 0 	 0 
 1783 	 48835 	 0.41 	 43.30 	 86.35 	 346.47 	 506.00 	 0 	 0 	 0 	 0 
 964 	 33789 	 0.32 	 42.90 	 86.86 	 54.38 	 340.72 	 0 	 0 	 0 	 0 
 139 	 52360 	 0.26 	 43.08 	 88.30 	 138.85 	 474.08 	 1 	 0 	 0 	 0 
 139 	 67856 	 0.58 	 44.22 	 86.48 	 123.86 	 824.07 	 0 	 0 	 0 	 0 
 326 	 60904 	 0.26 	 42.83 	 80.31 	 7.40 	 188.98 	 0 	 0 	 0 	 0 
 1143 	 51687 	 0.15 	 42.68 	 88.67 	 326.14 	 457.38 	 0 	 0 	 0 	 0 
 45 	 50597 	 0.14 	 43.07 	 88.50 	 39.91 	 248.22 	 1 	 1 	 1 	 1 
 1067 	 68843 	 0.29 	 43.42 	 85.16 	 33.29 	 168.91 	 1 	 0 	 0 	 0 
 965 	 2297 	 0.43 	 44.54 	 87.03 	 11.95 	 605.04 	 1 	 1 	 1 	 1 
 965 	 35349 	 0.30 	 43.58 	 86.30 	 127.23 	 108.71 	 1 	 0 	 0 	 0 
 597 	 51619 	 0.35 	 43.46 	 79.86 	 354.60 	 148.63 	 1 	 0 	 0 	 0 
 693 	 1889 	 0.42 	 43.49 	 84.66 	 325.98 	 634.14 	 0 	 0 	 0 	 0 
 693 	 15422 	 0.63 	 43.95 	 87.01 	 193.91 	 544.67 	 0 	 0 	 0 	 0 
 873 	 55499 	 0.51 	 43.33 	 81.05 	 17.71 	 496.34 	 0 	 0 	 0 	 0 
 873 	 2054 	 0.39 	 43.35 	 88.10 	 142.06 	 154.91 	 0 	 0 	 0 	 0 
 328 	 41647 	 0.16 	 43.47 	 82.39 	 339.84 	 110.89 	 1 	 0 	 0 	 0 
 1525 	 29795 	 1.03 	 44.46 	 87.07 	 97.47 	 433.99 	 0 	 0 	 0 	 0 
 1608 	 8251 	 0.13 	 43.67 	 79.57 	 354.74 	 92.23 	 1 	 0 	 0 	 0 
 523 	 45730 	 0.46 	 43.57 	 86.54 	 58.39 	 470.44 	 0 	 0 	 0 	 0 
 1068 	 46674 	 0.58 	 44.03 	 87.99 	 315.94 	 716.29 	 0 	 0 	 0 	 0 
 1423 	 12255 	 0.37 	 43.56 	 81.95 	 352.88 	 71.18 	 1 	 0 	 0 	 0 
 1256 	 35894 	 0.55 	 43.90 	 84.39 	 332.02 	 636.28 	 0 	 0 	 0 	 0 
 143 	 41792 	 0.27 	 42.91 	 86.24 	 130.50 	 220.56 	 0 	 0 	 0 	 0 
 785 	 27482 	 0.15 	 43.33 	 79.64 	 355.54 	 184.82 	 1 	 0 	 0 	 0 
 1788 	 11085 	 0.28 	 42.93 	 84.81 	 33.74 	 534.99 	 0 	 0 	 0 	 0 
 1147 	 30383 	 0.42 	 43.96 	 85.04 	 215.53 	 222.79 	 1 	 0 	 0 	 0 
 598 	 61255 	 0.35 	 43.48 	 88.40 	 53.11 	 403.96 	 1 	 0 	 0 	 0 
 694 	 28081 	 0.54 	 43.91 	 86.00 	 311.54 	 975.40 	 0 	 0 	 0 	 0 
 694 	 35325 	 0.07 	 42.38 	 87.13 	 15.86 	 172.09 	 1 	 0 	 0 	 0 
 694 	 5191 	 0.80 	 44.25 	 80.81 	 17.10 	 634.56 	 0 	 0 	 0 	 0 
 967 	 26402 	 0.36 	 42.98 	 82.73 	 338.16 	 213.30 	 0 	 0 	 0 	 0 
 967 	 44134 	 0.25 	 43.17 	 86.59 	 235.84 	 125.82 	 1 	 0 	 0 	 0 
 874 	 38363 	 0.78 	 44.15 	 80.56 	 341.57 	 690.48 	 0 	 0 	 0 	 0 
 1610 	 28920 	 0.11 	 41.97 	 88.46 	 329.43 	 79.79 	 0 	 0 	 0 	 0 
 422 	 10853 	 0.23 	 42.87 	 85.06 	 37.35 	 268.37 	 0 	 0 	 0 	 0 
 525 	 28362 	 0.18 	 42.67 	 80.24 	 5.60 	 306.76 	 1 	 0 	 0 	 0 
 525 	 8114 	 1.09 	 44.37 	 87.38 	 100.47 	 1180.29 	 0 	 0 	 0 	 0 
 525 	 59276 	 0.55 	 44.11 	 80.78 	 6.44 	 904.34 	 0 	 0 	 0 	 0 
 1345 	 929 	 0.16 	 44.13 	 85.17 	 63.01 	 319.71 	 1 	 1 	 1 	 0 
 331 	 52815 	 0.41 	 44.09 	 84.60 	 347.10 	 501.45 	 0 	 0 	 0 	 0 
 1071 	 14604 	 0.40 	 43.20 	 80.28 	 6.97 	 366.81 	 0 	 0 	 0 	 0 
 1790 	 27819 	 0.31 	 43.67 	 85.03 	 35.92 	 283.98 	 1 	 0 	 0 	 0 
 250 	 34174 	 0.25 	 44.14 	 84.25 	 15.07 	 431.98 	 1 	 1 	 1 	 1 
 968 	 51764 	 0.40 	 43.64 	 86.17 	 318.17 	 827.14 	 0 	 0 	 0 	 0 
 1427 	 30603 	 0.59 	 44.30 	 82.76 	 5.05 	 510.88 	 0 	 0 	 0 	 0 
 875 	 14162 	 0.16 	 42.95 	 80.33 	 345.75 	 256.80 	 0 	 0 	 0 	 0 
 788 	 7226 	 0.30 	 43.82 	 85.09 	 13.53 	 572.12 	 1 	 0 	 0 	 0 
 1611 	 41312 	 0.19 	 43.14 	 79.86 	 6.39 	 194.54 	 0 	 0 	 0 	 0 
 1346 	 49549 	 0.21 	 43.91 	 86.85 	 46.19 	 216.64 	 1 	 1 	 1 	 1 
 424 	 57575 	 0.12 	 43.08 	 82.96 	 26.66 	 281.37 	 1 	 1 	 1 	 1 
 56 	 33593 	 0.22 	 42.89 	 84.11 	 349.39 	 472.62 	 1 	 0 	 0 	 0 
 603 	 73937 	 0.48 	 43.36 	 83.20 	 23.20 	 666.43 	 0 	 0 	 0 	 0 
 699 	 47689 	 0.04 	 42.34 	 80.40 	 6.16 	 86.23 	 1 	 0 	 0 	 0 
 150 	 51659 	 0.08 	 42.41 	 86.33 	 233.51 	 158.75 	 1 	 0 	 0 	 0 
 1264 	 57022 	 0.03 	 42.39 	 85.26 	 59.79 	 80.64 	 1 	 1 	 1 	 0 
 1429 	 10487 	 0.37 	 43.70 	 82.10 	 339.72 	 460.18 	 0 	 0 	 0 	 0 
 1612 	 64770 	 0.14 	 43.25 	 84.13 	 347.09 	 164.14 	 1 	 0 	 0 	 0 
 253 	 23061 	 0.15 	 42.59 	 86.53 	 200.26 	 159.56 	 0 	 0 	 0 	 0 
 335 	 1412 	 0.09 	 43.89 	 86.80 	 109.32 	 240.73 	 1 	 1 	 1 	 1 
 971 	 61163 	 0.15 	 42.56 	 86.07 	 135.89 	 417.54 	 0 	 0 	 0 	 0 
 971 	 50159 	 0.41 	 43.51 	 82.37 	 338.92 	 364.93 	 0 	 0 	 0 	 0 
 1709 	 14547 	 0.31 	 43.97 	 84.81 	 209.17 	 338.69 	 0 	 0 	 0 	 0 
 791 	 46753 	 0.23 	 43.37 	 79.99 	 357.09 	 244.42 	 0 	 0 	 0 	 0 
 791 	 69443 	 0.59 	 44.38 	 82.84 	 25.47 	 637.81 	 1 	 0 	 0 	 0 
 1535 	 32253 	 0.29 	 43.23 	 88.50 	 36.61 	 420.57 	 0 	 0 	 0 	 0 
 531 	 51670 	 0.09 	 43.08 	 86.49 	 201.66 	 118.81 	 1 	 0 	 0 	 0 
 58 	 73428 	 0.47 	 44.06 	 85.23 	 214.53 	 501.13 	 1 	 0 	 0 	 0 
 151 	 38663 	 0.08 	 42.26 	 80.57 	 7.88 	 263.39 	 0 	 0 	 0 	 0 
 880 	 62603 	 1.37 	 44.65 	 86.33 	 310.68 	 1373.89 	 1 	 0 	 0 	 0 
 701 	 1651 	 0.40 	 44.00 	 86.94 	 201.10 	 629.89 	 1 	 0 	 0 	 0 
 1430 	 39614 	 0.47 	 43.82 	 80.88 	 344.67 	 482.25 	 0 	 0 	 0 	 0 
 1158 	 45113 	 0.36 	 44.16 	 86.63 	 12.18 	 477.94 	 1 	 1 	 1 	 1 
 336 	 28880 	 0.82 	 44.27 	 86.17 	 165.07 	 850.40 	 0 	 0 	 0 	 0 
 1078 	 58368 	 0.30 	 43.25 	 84.95 	 9.58 	 487.82 	 0 	 0 	 0 	 0 
 972 	 60060 	 0.24 	 44.10 	 82.45 	 25.27 	 412.92 	 0 	 0 	 0 	 0 
 1266 	 44643 	 0.40 	 43.43 	 82.33 	 7.09 	 313.77 	 0 	 0 	 0 	 0 
 607 	 18176 	 0.43 	 43.21 	 88.57 	 226.98 	 576.28 	 0 	 0 	 0 	 0 
 607 	 47077 	 0.31 	 43.91 	 85.13 	 212.93 	 289.66 	 1 	 0 	 0 	 0 
 429 	 2119 	 0.42 	 44.33 	 85.16 	 215.06 	 342.84 	 1 	 0 	 0 	 0 
 532 	 72593 	 0.16 	 42.78 	 80.89 	 16.61 	 142.46 	 1 	 0 	 0 	 0 
 532 	 49277 	 0.86 	 43.86 	 86.71 	 57.92 	 885.72 	 0 	 0 	 0 	 0 
 1711 	 35539 	 0.09 	 42.72 	 86.38 	 241.47 	 282.52 	 1 	 0 	 0 	 0 
 1615 	 43874 	 0.97 	 44.22 	 85.22 	 216.97 	 1344.30 	 0 	 0 	 0 	 0 
 256 	 44084 	 0.26 	 42.96 	 86.03 	 344.81 	 259.89 	 0 	 0 	 0 	 0 
 256 	 2902 	 0.16 	 42.52 	 82.07 	 352.43 	 177.70 	 0 	 0 	 0 	 0 
 702 	 19714 	 0.11 	 43.63 	 88.96 	 71.44 	 185.46 	 1 	 1 	 1 	 1 
 1538 	 47166 	 0.23 	 43.77 	 85.02 	 149.00 	 329.44 	 1 	 0 	 0 	 0 
 1159 	 72571 	 0.13 	 42.88 	 85.42 	 209.90 	 304.32 	 0 	 0 	 0 	 0 
 1431 	 48296 	 0.70 	 43.97 	 84.45 	 150.95 	 526.87 	 0 	 0 	 0 	 0 
 1431 	 73304 	 0.27 	 43.29 	 86.56 	 202.56 	 276.80 	 0 	 0 	 0 	 0 
 337 	 19083 	 0.36 	 43.02 	 80.79 	 18.02 	 377.56 	 0 	 0 	 0 	 0 
 1354 	 5987 	 0.13 	 42.46 	 82.78 	 9.29 	 149.35 	 0 	 0 	 0 	 0 
 973 	 53321 	 0.48 	 44.15 	 82.84 	 6.96 	 272.16 	 1 	 0 	 0 	 0 
 1267 	 19747 	 0.16 	 44.09 	 84.54 	 5.28 	 205.36 	 1 	 1 	 1 	 1 
 1267 	 36084 	 0.44 	 43.35 	 88.71 	 52.54 	 591.17 	 0 	 0 	 0 	 0 
 61 	 37522 	 0.19 	 43.84 	 80.23 	 3.81 	 119.19 	 1 	 0 	 0 	 0 
 430 	 32250 	 0.70 	 44.51 	 84.48 	 324.25 	 1010.72 	 0 	 0 	 0 	 0 
 609 	 71608 	 0.46 	 43.58 	 86.64 	 56.54 	 560.36 	 1 	 0 	 0 	 0 
 609 	 68578 	 0.83 	 43.96 	 84.80 	 9.51 	 939.13 	 0 	 0 	 0 	 0 
 257 	 67114 	 0.45 	 44.32 	 86.48 	 202.04 	 293.37 	 1 	 0 	 0 	 0 
 1803 	 58231 	 0.31 	 43.38 	 81.57 	 351.98 	 168.29 	 0 	 0 	 0 	 0 
 1432 	 10173 	 0.59 	 43.65 	 80.49 	 343.41 	 383.78 	 0 	 0 	 0 	 0 
 1355 	 73924 	 0.18 	 43.02 	 86.22 	 346.85 	 177.33 	 1 	 0 	 0 	 0 
 535 	 24411 	 0.43 	 43.78 	 86.59 	 48.12 	 711.78 	 0 	 0 	 0 	 0 
 1083 	 7725 	 0.80 	 44.19 	 86.29 	 163.59 	 746.71 	 1 	 0 	 0 	 0 
 886 	 32985 	 0.11 	 42.00 	 85.01 	 217.61 	 163.12 	 0 	 0 	 0 	 0 
 1541 	 18257 	 0.09 	 42.28 	 88.82 	 65.15 	 150.27 	 1 	 0 	 0 	 0 
 705 	 47923 	 0.23 	 44.05 	 80.07 	 7.07 	 184.62 	 1 	 0 	 0 	 0 
 705 	 4508 	 0.49 	 43.74 	 82.70 	 6.17 	 933.49 	 0 	 0 	 0 	 0 
 1619 	 16682 	 0.71 	 44.38 	 87.44 	 271.87 	 960.73 	 1 	 0 	 0 	 0 
 431 	 9601 	 0.12 	 43.02 	 86.10 	 136.46 	 103.34 	 1 	 0 	 0 	 0 
 1269 	 45906 	 0.46 	 43.55 	 84.80 	 33.35 	 728.98 	 0 	 0 	 0 	 0 
 1269 	 35235 	 0.11 	 43.42 	 80.58 	 344.87 	 292.22 	 1 	 0 	 0 	 0 
 1162 	 60801 	 0.34 	 43.89 	 80.86 	 6.94 	 615.20 	 0 	 0 	 0 	 0 
 1162 	 67957 	 0.31 	 43.43 	 81.35 	 19.72 	 590.14 	 0 	 0 	 0 	 0 
 64 	 56262 	 1.26 	 44.35 	 88.27 	 323.76 	 876.64 	 0 	 0 	 0 	 0 
 977 	 70774 	 0.15 	 43.17 	 86.51 	 14.55 	 190.87 	 1 	 0 	 0 	 0 
 342 	 69040 	 0.12 	 43.01 	 84.96 	 15.52 	 233.85 	 1 	 0 	 0 	 0 
 260 	 12108 	 0.14 	 42.99 	 86.48 	 229.62 	 183.88 	 1 	 0 	 0 	 0 
 1542 	 68234 	 0.59 	 43.66 	 88.88 	 42.72 	 774.10 	 0 	 0 	 0 	 0 
 432 	 53039 	 0.27 	 42.81 	 88.55 	 136.72 	 378.37 	 0 	 0 	 0 	 0 
 1163 	 60754 	 1.12 	 44.39 	 83.01 	 26.04 	 999.78 	 0 	 0 	 0 	 0 
 1435 	 70472 	 0.18 	 42.97 	 88.08 	 333.35 	 448.09 	 0 	 0 	 0 	 0 
 1271 	 14367 	 0.43 	 43.70 	 84.81 	 215.60 	 422.97 	 0 	 0 	 0 	 0 
 1622 	 37276 	 0.27 	 42.71 	 86.24 	 133.96 	 298.79 	 0 	 0 	 0 	 0 
 890 	 18 	 0.24 	 43.46 	 86.17 	 158.22 	 115.62 	 1 	 0 	 0 	 0 
 890 	 64677 	 0.06 	 42.89 	 83.99 	 355.97 	 159.30 	 1 	 1 	 1 	 1 
 343 	 22240 	 0.27 	 42.98 	 80.52 	 344.69 	 265.30 	 0 	 0 	 0 	 0 
 709 	 42475 	 0.92 	 43.93 	 83.24 	 23.41 	 1359.08 	 0 	 0 	 0 	 0 
 1722 	 63333 	 0.25 	 43.33 	 86.94 	 61.82 	 621.29 	 0 	 0 	 0 	 0 
 1361 	 32252 	 0.13 	 43.33 	 88.33 	 58.34 	 127.59 	 1 	 1 	 1 	 1 
 980 	 38950 	 0.13 	 42.49 	 82.29 	 353.37 	 154.88 	 0 	 0 	 0 	 0 
 262 	 2558 	 0.51 	 44.05 	 85.06 	 211.74 	 511.25 	 1 	 0 	 0 	 0 
 807 	 24517 	 0.04 	 42.24 	 87.71 	 286.05 	 123.68 	 0 	 0 	 0 	 0 
 1164 	 40155 	 1.08 	 44.37 	 82.78 	 336.71 	 1156.53 	 0 	 0 	 0 	 0 
 1164 	 33223 	 0.52 	 43.93 	 84.62 	 146.67 	 576.79 	 1 	 0 	 0 	 0 
 618 	 51185 	 0.64 	 43.92 	 87.14 	 195.06 	 453.78 	 0 	 0 	 0 	 0 
 618 	 40898 	 0.97 	 44.71 	 86.08 	 161.72 	 1192.30 	 1 	 0 	 0 	 0 
 1623 	 13612 	 0.07 	 42.20 	 86.11 	 157.34 	 67.63 	 0 	 0 	 0 	 0 
 1273 	 30204 	 0.38 	 43.55 	 88.53 	 45.63 	 465.57 	 1 	 0 	 0 	 0 
 1273 	 59895 	 0.09 	 43.61 	 86.34 	 33.70 	 155.01 	 1 	 1 	 1 	 0 
 543 	 42589 	 0.26 	 42.98 	 86.53 	 136.48 	 427.09 	 0 	 0 	 0 	 0 
 436 	 15769 	 0.12 	 42.94 	 88.47 	 304.29 	 175.05 	 0 	 0 	 0 	 0 
 71 	 12179 	 0.07 	 43.19 	 85.53 	 26.95 	 80.82 	 1 	 1 	 1 	 1 
 981 	 63138 	 0.87 	 44.42 	 87.12 	 19.76 	 896.20 	 0 	 0 	 0 	 0 
 1814 	 30700 	 0.48 	 43.32 	 88.62 	 56.76 	 462.73 	 0 	 0 	 0 	 0 
 1547 	 26164 	 0.14 	 42.74 	 82.48 	 6.45 	 118.25 	 1 	 0 	 0 	 0 
 809 	 12481 	 0.39 	 44.07 	 86.47 	 16.43 	 542.53 	 1 	 0 	 0 	 0 
 1094 	 33454 	 0.47 	 43.42 	 84.10 	 351.02 	 464.48 	 0 	 0 	 0 	 0 
 171 	 25469 	 0.23 	 43.18 	 87.53 	 93.64 	 286.32 	 1 	 0 	 0 	 0 
 1441 	 25107 	 0.46 	 43.45 	 84.57 	 151.40 	 540.99 	 0 	 0 	 0 	 0 
 1274 	 52603 	 1.14 	 44.35 	 85.07 	 216.84 	 801.53 	 0 	 0 	 0 	 0 
 1274 	 43518 	 0.26 	 42.75 	 84.48 	 12.15 	 191.40 	 0 	 0 	 0 	 0 
 713 	 42698 	 0.33 	 43.17 	 80.71 	 343.38 	 552.61 	 0 	 0 	 0 	 0 
 1167 	 72997 	 0.66 	 44.89 	 84.16 	 327.09 	 661.09 	 1 	 0 	 0 	 0 
 895 	 28352 	 0.25 	 44.37 	 84.98 	 10.68 	 368.10 	 1 	 1 	 1 	 1 
 895 	 33602 	 0.75 	 44.21 	 88.35 	 228.50 	 910.29 	 0 	 0 	 0 	 0 
 895 	 59629 	 0.12 	 43.12 	 85.83 	 132.65 	 276.30 	 0 	 0 	 0 	 0 
 895 	 61845 	 0.38 	 44.14 	 85.30 	 213.52 	 265.76 	 1 	 0 	 0 	 0 
 895 	 23352 	 0.39 	 43.56 	 88.49 	 65.91 	 411.00 	 0 	 0 	 0 	 0 
 437 	 56054 	 0.12 	 42.20 	 86.81 	 229.70 	 180.55 	 0 	 0 	 0 	 0 
 1815 	 19780 	 0.12 	 43.09 	 84.89 	 334.76 	 166.98 	 0 	 0 	 0 	 0 
 1548 	 815 	 0.17 	 42.83 	 85.15 	 209.96 	 318.96 	 0 	 0 	 0 	 0 
 267 	 4341 	 0.56 	 44.14 	 80.86 	 16.69 	 462.46 	 1 	 0 	 0 	 0 
 623 	 5891 	 0.33 	 42.94 	 86.35 	 340.35 	 283.92 	 0 	 0 	 0 	 0 
 350 	 72891 	 0.32 	 44.10 	 83.32 	 23.97 	 600.59 	 1 	 1 	 1 	 1 
 1095 	 65777 	 0.05 	 42.83 	 88.32 	 229.87 	 215.17 	 1 	 1 	 1 	 1 
 1095 	 22394 	 0.65 	 44.40 	 80.58 	 346.50 	 726.60 	 0 	 0 	 0 	 0 
 1095 	 44501 	 0.46 	 43.99 	 88.27 	 230.63 	 289.60 	 0 	 0 	 0 	 0 
 984 	 10105 	 0.76 	 43.98 	 86.38 	 344.05 	 877.13 	 0 	 0 	 0 	 0 
 1168 	 6464 	 0.16 	 42.47 	 84.66 	 151.63 	 278.19 	 0 	 0 	 0 	 0 
 1629 	 38722 	 0.04 	 42.35 	 87.12 	 200.44 	 52.88 	 1 	 1 	 1 	 1 
 897 	 34757 	 0.23 	 43.23 	 80.16 	 7.68 	 518.39 	 1 	 0 	 0 	 0 
 174 	 64344 	 0.26 	 43.82 	 85.04 	 149.40 	 328.39 	 1 	 0 	 0 	 0 
 1444 	 67592 	 0.19 	 42.81 	 85.39 	 212.31 	 396.38 	 0 	 0 	 0 	 0 
 1731 	 69009 	 0.11 	 42.72 	 86.96 	 232.34 	 227.02 	 1 	 0 	 0 	 0 
 1550 	 58202 	 0.06 	 43.22 	 85.69 	 217.64 	 85.17 	 1 	 0 	 0 	 0 
 1550 	 37414 	 0.31 	 42.87 	 86.38 	 314.15 	 193.15 	 0 	 0 	 0 	 0 
 440 	 67123 	 0.31 	 43.39 	 81.31 	 18.88 	 392.06 	 0 	 0 	 0 	 0 
 1096 	 1262 	 0.23 	 43.81 	 84.41 	 150.85 	 253.83 	 1 	 0 	 0 	 0 
 814 	 32627 	 0.45 	 43.48 	 80.48 	 4.34 	 483.39 	 0 	 0 	 0 	 0 
 814 	 56079 	 0.51 	 43.57 	 86.00 	 311.12 	 750.84 	 0 	 0 	 0 	 0 
 985 	 10564 	 0.10 	 42.01 	 87.47 	 96.57 	 123.00 	 0 	 0 	 0 	 0 
 352 	 68588 	 0.12 	 42.48 	 86.54 	 230.86 	 177.72 	 0 	 0 	 0 	 0 
 1818 	 71578 	 0.50 	 44.32 	 86.47 	 243.61 	 414.47 	 0 	 0 	 0 	 0 
 1818 	 2003 	 0.64 	 43.81 	 84.57 	 10.95 	 1234.24 	 0 	 0 	 0 	 0 
 271 	 3722 	 0.27 	 43.72 	 84.27 	 151.63 	 291.17 	 0 	 0 	 0 	 0 
 627 	 5173 	 0.49 	 44.23 	 85.22 	 30.79 	 549.76 	 1 	 0 	 0 	 0 
 1445 	 48251 	 0.25 	 42.91 	 88.15 	 145.79 	 308.13 	 0 	 0 	 0 	 0 
 1631 	 62227 	 0.19 	 43.78 	 89.10 	 226.04 	 183.26 	 1 	 1 	 1 	 1 
 1631 	 40243 	 0.70 	 44.02 	 86.93 	 96.85 	 822.64 	 0 	 0 	 0 	 0 
 1171 	 42473 	 0.28 	 43.26 	 82.28 	 7.35 	 292.12 	 1 	 0 	 0 	 0 
 1551 	 35144 	 0.11 	 43.86 	 85.83 	 91.85 	 230.18 	 1 	 1 	 1 	 0 
 1097 	 24962 	 0.06 	 42.08 	 88.28 	 237.78 	 194.46 	 0 	 0 	 0 	 0 
 1097 	 33364 	 0.48 	 43.42 	 86.17 	 128.54 	 679.70 	 0 	 0 	 0 	 0 
 177 	 23715 	 0.59 	 44.60 	 87.01 	 11.12 	 549.69 	 1 	 0 	 0 	 0 
 82 	 66746 	 0.40 	 43.26 	 87.11 	 272.11 	 803.74 	 0 	 0 	 0 	 0 
 816 	 52475 	 0.09 	 42.97 	 87.44 	 21.87 	 68.97 	 0 	 0 	 0 	 0 
 1820 	 16724 	 0.14 	 41.99 	 88.33 	 326.94 	 351.62 	 0 	 0 	 0 	 0 
 902 	 57219 	 0.27 	 42.93 	 82.58 	 336.37 	 127.80 	 0 	 0 	 0 	 0 
 355 	 37828 	 0.69 	 44.09 	 82.89 	 337.34 	 766.46 	 0 	 0 	 0 	 0 
 724 	 24812 	 0.30 	 43.85 	 80.61 	 340.80 	 498.91 	 1 	 0 	 0 	 0 
 629 	 2270 	 0.11 	 42.31 	 84.74 	 329.56 	 404.96 	 1 	 0 	 0 	 0 
 446 	 27519 	 0.20 	 42.37 	 88.64 	 57.08 	 359.69 	 0 	 0 	 0 	 0 
 817 	 33303 	 0.50 	 43.80 	 86.56 	 231.74 	 574.76 	 1 	 0 	 0 	 0 
 903 	 46123 	 0.09 	 42.05 	 81.75 	 353.61 	 152.79 	 0 	 0 	 0 	 0 
 992 	 39944 	 0.25 	 42.63 	 85.06 	 36.20 	 361.03 	 0 	 0 	 0 	 0 
 356 	 37114 	 0.30 	 42.65 	 86.32 	 343.90 	 357.36 	 0 	 0 	 0 	 0 
 1636 	 18378 	 0.77 	 43.76 	 86.84 	 197.92 	 752.85 	 0 	 0 	 0 	 0 
 725 	 14129 	 0.36 	 43.23 	 87.38 	 99.87 	 426.47 	 0 	 0 	 0 	 0 
 86 	 16400 	 0.49 	 43.74 	 84.59 	 11.44 	 512.36 	 1 	 0 	 0 	 0 
 631 	 37778 	 0.52 	 44.34 	 84.80 	 29.77 	 478.72 	 1 	 0 	 0 	 0 
 631 	 28236 	 0.32 	 44.31 	 84.69 	 333.89 	 423.03 	 1 	 0 	 0 	 0 
 182 	 70633 	 0.31 	 42.82 	 84.93 	 31.89 	 684.10 	 0 	 0 	 0 	 0 
 447 	 16886 	 0.30 	 44.36 	 82.78 	 334.37 	 499.89 	 1 	 0 	 0 	 0 
 632 	 43379 	 0.11 	 43.77 	 84.03 	 73.66 	 242.58 	 1 	 1 	 1 	 0 
 88 	 2220 	 0.61 	 43.53 	 88.49 	 53.66 	 1105.20 	 0 	 0 	 0 	 0 
 88 	 23925 	 0.05 	 42.49 	 88.26 	 327.24 	 140.63 	 1 	 1 	 1 	 1 
 728 	 26620 	 0.18 	 42.95 	 88.59 	 128.96 	 139.88 	 0 	 0 	 0 	 0 
 907 	 67252 	 0.11 	 42.75 	 84.67 	 12.18 	 209.91 	 1 	 1 	 1 	 1 
 1457 	 7462 	 0.78 	 43.82 	 82.51 	 8.98 	 678.18 	 0 	 0 	 0 	 0 
 360 	 73607 	 0.35 	 43.61 	 80.62 	 341.22 	 402.02 	 0 	 0 	 0 	 0 
 823 	 41547 	 0.75 	 44.09 	 81.89 	 355.01 	 794.31 	 0 	 0 	 0 	 0 
 998 	 52505 	 0.09 	 42.68 	 86.40 	 316.85 	 76.55 	 1 	 0 	 0 	 0 
 1642 	 54924 	 0.40 	 44.04 	 82.06 	 10.69 	 571.95 	 0 	 0 	 0 	 0 
 90 	 8883 	 0.37 	 43.44 	 86.31 	 129.66 	 233.73 	 1 	 0 	 0 	 0 
 453 	 39919 	 0.11 	 42.08 	 87.31 	 91.88 	 95.63 	 0 	 0 	 0 	 0 
 731 	 49299 	 0.16 	 42.90 	 81.06 	 16.55 	 288.52 	 1 	 0 	 0 	 0 
 731 	 1646 	 0.16 	 43.17 	 84.16 	 346.47 	 106.66 	 1 	 0 	 0 	 0 
 1188 	 25250 	 0.23 	 42.78 	 84.92 	 150.42 	 266.97 	 0 	 0 	 0 	 0 
 1461 	 46773 	 0.17 	 44.36 	 86.23 	 235.19 	 121.64 	 1 	 1 	 1 	 1 
 364 	 32028 	 0.45 	 43.72 	 84.93 	 152.20 	 293.84 	 0 	 0 	 0 	 0 
 455 	 56113 	 0.16 	 42.44 	 88.05 	 327.44 	 114.14 	 0 	 0 	 0 	 0 
 914 	 67936 	 0.93 	 44.17 	 80.31 	 342.64 	 811.29 	 0 	 0 	 0 	 0 
 1006 	 30700 	 0.73 	 44.06 	 85.31 	 218.05 	 572.82 	 0 	 0 	 0 	 0 
 457 	 180 	 0.33 	 42.85 	 86.71 	 17.56 	 531.34 	 0 	 0 	 0 	 0 
 