239 	 9486 	 0.52 	 44.29 	 89.29 	 57.90 	 529.78 	 0 	 0 	 0 	 0 
 275 	 3021 	 0.07 	 43.17 	 80.36 	 344.16 	 85.19 	 1 	 1 	 1 	 1 
 221 	 18184 	 0.80 	 44.40 	 82.93 	 9.42 	 337.91 	 0 	 0 	 0 	 0 
 19 	 10778 	 0.29 	 43.97 	 88.40 	 137.65 	 296.52 	 1 	 1 	 1 	 1 
 19 	 22206 	 0.16 	 43.27 	 88.56 	 228.34 	 225.22 	 1 	 1 	 1 	 1 
 19 	 17855 	 0.17 	 42.72 	 80.61 	 342.92 	 197.80 	 1 	 0 	 0 	 0 
 311 	 13602 	 0.24 	 42.98 	 84.32 	 348.36 	 172.28 	 1 	 0 	 0 	 0 
 149 	 9592 	 0.38 	 42.99 	 86.85 	 18.60 	 567.22 	 0 	 0 	 0 	 0 
 294 	 4748 	 0.36 	 43.62 	 86.17 	 162.78 	 651.24 	 1 	 0 	 0 	 0 
 330 	 15327 	 0.54 	 43.95 	 82.52 	 7.38 	 829.57 	 1 	 0 	 0 	 0 
 132 	 16105 	 0.18 	 43.39 	 85.96 	 164.13 	 344.74 	 1 	 0 	 0 	 0 
 348 	 4008 	 0.41 	 43.63 	 87.04 	 239.58 	 401.28 	 0 	 0 	 0 	 0 
 348 	 16514 	 0.43 	 43.96 	 85.96 	 168.68 	 956.43 	 0 	 0 	 0 	 0 
 1 	 2443 	 1.27 	 44.11 	 87.31 	 97.70 	 1093.13 	 0 	 0 	 0 	 0 
 114 	 16492 	 0.75 	 43.43 	 85.06 	 214.83 	 974.38 	 0 	 0 	 0 	 0 
 258 	 24207 	 0.29 	 43.62 	 79.99 	 342.91 	 261.74 	 1 	 0 	 0 	 0 
 205 	 13609 	 0.27 	 42.71 	 79.49 	 353.48 	 415.48 	 0 	 0 	 0 	 0 
 59 	 21827 	 0.18 	 42.21 	 86.49 	 313.55 	 186.57 	 0 	 0 	 0 	 0 
 79 	 298 	 2.30 	 44.86 	 80.46 	 6.01 	 2498.80 	 0 	 0 	 0 	 0 
 41 	 14584 	 0.18 	 41.98 	 86.46 	 162.52 	 165.27 	 0 	 0 	 0 	 0 
 41 	 12756 	 0.60 	 43.94 	 86.63 	 347.45 	 309.47 	 0 	 0 	 0 	 0 
 41 	 19254 	 0.21 	 43.00 	 85.41 	 35.10 	 270.09 	 1 	 0 	 0 	 0 
 189 	 12934 	 0.81 	 44.41 	 85.18 	 149.57 	 1302.69 	 0 	 0 	 0 	 0 
 171 	 17852 	 0.41 	 43.67 	 86.52 	 126.96 	 293.36 	 1 	 0 	 0 	 0 
 240 	 24075 	 0.18 	 42.52 	 87.26 	 104.09 	 340.75 	 0 	 0 	 0 	 0 
 312 	 23232 	 1.06 	 44.87 	 87.06 	 86.29 	 1207.09 	 0 	 0 	 0 	 0 
 312 	 8382 	 0.35 	 42.95 	 85.33 	 214.20 	 280.59 	 0 	 0 	 0 	 0 
 103 	 10275 	 0.32 	 44.23 	 85.96 	 350.42 	 232.99 	 1 	 0 	 0 	 0 
 349 	 5619 	 1.19 	 44.38 	 81.90 	 354.54 	 811.04 	 0 	 0 	 0 	 0 
 21 	 18682 	 0.66 	 44.18 	 81.65 	 353.41 	 536.89 	 1 	 0 	 0 	 0 
 115 	 21869 	 0.12 	 43.99 	 84.94 	 334.55 	 222.96 	 1 	 1 	 1 	 1 
 259 	 6399 	 0.42 	 43.33 	 87.23 	 94.09 	 592.15 	 1 	 0 	 0 	 0 
 151 	 21740 	 1.51 	 44.37 	 85.17 	 217.13 	 1761.85 	 0 	 0 	 0 	 0 
 332 	 1637 	 0.30 	 42.97 	 86.57 	 198.17 	 350.67 	 0 	 0 	 0 	 0 
 206 	 17075 	 0.73 	 44.02 	 86.86 	 204.84 	 1110.38 	 0 	 0 	 0 	 0 
 80 	 370 	 0.38 	 43.72 	 88.48 	 330.69 	 232.40 	 1 	 0 	 0 	 0 
 42 	 19679 	 0.13 	 42.45 	 82.12 	 337.37 	 149.30 	 0 	 0 	 0 	 0 
 135 	 8795 	 0.08 	 43.74 	 79.77 	 5.01 	 77.25 	 1 	 1 	 1 	 1 
 61 	 9962 	 0.23 	 42.78 	 84.55 	 152.28 	 101.61 	 0 	 0 	 0 	 0 
 298 	 16410 	 0.47 	 44.19 	 80.12 	 3.68 	 409.59 	 1 	 0 	 0 	 0 
 226 	 13207 	 0.78 	 43.83 	 82.34 	 338.74 	 1102.47 	 0 	 0 	 0 	 0 
 280 	 8680 	 0.10 	 43.01 	 80.37 	 356.50 	 243.60 	 0 	 0 	 0 	 0 
 191 	 23438 	 0.28 	 43.54 	 82.52 	 10.34 	 563.27 	 1 	 0 	 0 	 0 
 191 	 15031 	 0.29 	 43.35 	 84.29 	 150.31 	 325.75 	 0 	 0 	 0 	 0 
 7 	 3008 	 0.18 	 42.18 	 80.52 	 5.22 	 353.69 	 0 	 0 	 0 	 0 
 241 	 3682 	 0.86 	 43.98 	 86.93 	 232.91 	 1059.52 	 0 	 0 	 0 	 0 
 241 	 8019 	 0.41 	 44.74 	 87.02 	 279.17 	 436.36 	 1 	 1 	 1 	 1 
 175 	 5867 	 0.28 	 42.73 	 84.73 	 32.72 	 326.14 	 0 	 0 	 0 	 0 
 175 	 10766 	 0.92 	 43.73 	 86.66 	 16.28 	 839.35 	 0 	 0 	 0 	 0 
 175 	 13879 	 0.06 	 41.98 	 84.64 	 211.69 	 111.98 	 0 	 0 	 0 	 0 
 116 	 21889 	 0.69 	 43.37 	 86.30 	 312.38 	 920.10 	 0 	 0 	 0 	 0 
 116 	 5002 	 0.32 	 43.31 	 84.41 	 15.26 	 217.62 	 0 	 0 	 0 	 0 
 116 	 16252 	 0.68 	 43.55 	 84.90 	 148.57 	 831.53 	 0 	 0 	 0 	 0 
 260 	 24023 	 0.14 	 42.36 	 81.66 	 352.91 	 83.56 	 1 	 0 	 0 	 0 
 23 	 11428 	 0.27 	 42.86 	 84.51 	 329.62 	 443.60 	 1 	 0 	 0 	 0 
 23 	 20053 	 0.57 	 43.14 	 86.51 	 162.66 	 533.41 	 0 	 0 	 0 	 0 
 153 	 11667 	 0.07 	 43.55 	 82.76 	 338.80 	 212.30 	 1 	 1 	 1 	 1 
 207 	 9107 	 0.60 	 43.52 	 88.22 	 320.79 	 318.21 	 0 	 0 	 0 	 0 
 81 	 22752 	 0.81 	 43.62 	 86.87 	 21.57 	 1052.07 	 0 	 0 	 0 	 0 
 136 	 9026 	 0.27 	 43.18 	 84.94 	 214.66 	 150.84 	 1 	 0 	 0 	 0 
 43 	 9798 	 0.27 	 43.58 	 87.85 	 316.32 	 89.79 	 1 	 0 	 0 	 0 
 43 	 2982 	 0.27 	 44.06 	 88.95 	 252.81 	 435.55 	 1 	 0 	 0 	 0 
 299 	 11425 	 0.89 	 44.13 	 84.44 	 14.09 	 1158.23 	 0 	 0 	 0 	 0 
 62 	 8950 	 0.74 	 43.55 	 80.21 	 5.77 	 909.48 	 0 	 0 	 0 	 0 
 353 	 4667 	 0.16 	 42.02 	 84.55 	 328.72 	 116.07 	 0 	 0 	 0 	 0 
 227 	 23086 	 0.10 	 42.07 	 82.75 	 337.49 	 224.65 	 1 	 0 	 0 	 0 
 319 	 21947 	 0.27 	 42.87 	 84.35 	 147.07 	 524.08 	 0 	 0 	 0 	 0 
 110 	 6818 	 0.27 	 43.07 	 86.82 	 56.60 	 309.36 	 1 	 0 	 0 	 0 
 110 	 12462 	 0.20 	 42.18 	 84.13 	 348.83 	 251.77 	 0 	 0 	 0 	 0 
 338 	 13243 	 0.62 	 43.48 	 86.43 	 237.57 	 789.80 	 0 	 0 	 0 	 0 
 10 	 21269 	 0.49 	 43.32 	 85.25 	 216.07 	 793.89 	 0 	 0 	 0 	 0 
 117 	 13897 	 0.29 	 43.17 	 79.76 	 356.71 	 164.13 	 0 	 0 	 0 	 0 
 117 	 1028 	 0.89 	 44.77 	 85.96 	 308.66 	 961.64 	 1 	 0 	 0 	 0 
 208 	 493 	 0.54 	 43.18 	 87.14 	 99.12 	 613.49 	 0 	 0 	 0 	 0 
 262 	 16606 	 0.28 	 43.78 	 84.91 	 40.76 	 299.57 	 0 	 0 	 0 	 0 
 196 	 10663 	 0.19 	 42.88 	 88.55 	 59.25 	 244.27 	 1 	 0 	 0 	 0 
 82 	 287 	 0.03 	 42.49 	 87.29 	 191.68 	 104.38 	 1 	 1 	 1 	 1 
 137 	 9404 	 0.81 	 43.75 	 80.18 	 6.98 	 757.48 	 0 	 0 	 0 	 0 
 228 	 11624 	 0.26 	 42.48 	 86.52 	 163.37 	 314.80 	 0 	 0 	 0 	 0 
 45 	 11427 	 1.08 	 44.48 	 81.97 	 353.04 	 885.43 	 1 	 0 	 0 	 0 
 64 	 15696 	 0.23 	 42.46 	 81.96 	 353.05 	 357.56 	 0 	 0 	 0 	 0 
 302 	 16923 	 0.10 	 42.92 	 80.44 	 3.46 	 221.04 	 1 	 0 	 0 	 0 
 27 	 15638 	 0.10 	 42.32 	 84.55 	 330.30 	 283.33 	 1 	 0 	 0 	 0 
 289 	 2520 	 0.18 	 43.75 	 83.67 	 344.75 	 154.64 	 0 	 0 	 0 	 0 
 289 	 20117 	 0.20 	 43.01 	 87.54 	 278.18 	 372.48 	 1 	 0 	 0 	 0 
 181 	 24954 	 0.24 	 42.94 	 86.68 	 126.59 	 285.70 	 0 	 0 	 0 	 0 
 181 	 975 	 0.48 	 43.84 	 84.88 	 38.26 	 313.88 	 0 	 0 	 0 	 0 
 320 	 22449 	 0.16 	 42.66 	 84.34 	 354.07 	 349.54 	 0 	 0 	 0 	 0 
 248 	 8807 	 0.24 	 43.02 	 86.49 	 15.39 	 139.34 	 0 	 0 	 0 	 0 
 359 	 19553 	 1.28 	 44.29 	 87.20 	 279.13 	 1110.71 	 0 	 0 	 0 	 0 
 263 	 8400 	 0.80 	 43.82 	 86.71 	 240.37 	 798.35 	 0 	 0 	 0 	 0 
 12 	 7008 	 0.22 	 43.65 	 82.76 	 23.34 	 173.83 	 1 	 0 	 0 	 0 
 161 	 17220 	 1.12 	 44.11 	 86.84 	 196.78 	 1371.37 	 0 	 0 	 0 	 0 
 209 	 17934 	 1.01 	 44.07 	 82.84 	 23.71 	 795.70 	 0 	 0 	 0 	 0 
 138 	 6259 	 0.06 	 43.60 	 84.27 	 155.50 	 53.43 	 1 	 1 	 1 	 1 
 198 	 1325 	 0.38 	 43.13 	 88.37 	 328.75 	 730.08 	 0 	 0 	 0 	 0 
 121 	 11716 	 0.24 	 42.88 	 86.09 	 135.57 	 313.12 	 0 	 0 	 0 	 0 
 66 	 17268 	 0.14 	 42.93 	 80.77 	 7.68 	 187.17 	 0 	 0 	 0 	 0 
 182 	 12815 	 0.62 	 43.40 	 88.69 	 228.84 	 556.22 	 0 	 0 	 0 	 0 
 290 	 9832 	 2.18 	 44.73 	 82.09 	 352.69 	 2146.21 	 0 	 0 	 0 	 0 
 321 	 17158 	 0.28 	 43.81 	 83.60 	 348.17 	 349.60 	 0 	 0 	 0 	 0 
 48 	 23724 	 0.27 	 43.15 	 86.61 	 347.87 	 328.87 	 0 	 0 	 0 	 0 
 234 	 145 	 0.17 	 42.54 	 86.48 	 344.85 	 100.22 	 1 	 0 	 0 	 0 
 90 	 11824 	 0.16 	 42.68 	 86.57 	 127.36 	 267.94 	 1 	 0 	 0 	 0 
 90 	 11380 	 0.25 	 43.27 	 80.40 	 5.37 	 386.97 	 1 	 0 	 0 	 0 
 162 	 9504 	 0.58 	 43.47 	 86.24 	 348.67 	 291.64 	 0 	 0 	 0 	 0 
 14 	 12904 	 0.57 	 45.13 	 87.09 	 268.42 	 697.12 	 1 	 1 	 1 	 1 
 14 	 23709 	 1.21 	 44.19 	 84.78 	 146.90 	 1503.52 	 0 	 0 	 0 	 0 
 362 	 1628 	 0.11 	 42.00 	 84.09 	 353.76 	 80.86 	 0 	 0 	 0 	 0 
 362 	 4799 	 1.51 	 44.19 	 88.27 	 147.69 	 1300.21 	 0 	 0 	 0 	 0 
 199 	 9111 	 0.33 	 42.73 	 86.86 	 196.34 	 244.20 	 0 	 0 	 0 	 0 
 309 	 8459 	 0.14 	 42.23 	 80.59 	 5.76 	 225.76 	 0 	 0 	 0 	 0 
 212 	 24466 	 0.89 	 44.08 	 88.15 	 330.15 	 1120.43 	 0 	 0 	 0 	 0 
 212 	 19821 	 0.09 	 42.30 	 86.76 	 192.31 	 207.22 	 1 	 0 	 0 	 0 
 140 	 24575 	 0.05 	 42.43 	 86.90 	 269.21 	 134.72 	 1 	 0 	 0 	 0 
 183 	 23182 	 0.57 	 44.21 	 86.77 	 206.02 	 210.42 	 1 	 0 	 0 	 0 
 256 	 12713 	 0.24 	 43.86 	 79.85 	 350.16 	 233.21 	 0 	 0 	 0 	 0 
 322 	 9396 	 0.66 	 43.84 	 89.05 	 43.40 	 758.25 	 0 	 0 	 0 	 0 
 322 	 13503 	 0.14 	 42.30 	 82.49 	 10.42 	 157.05 	 0 	 0 	 0 	 0 
 68 	 10878 	 0.84 	 43.78 	 84.81 	 329.10 	 882.92 	 0 	 0 	 0 	 0 
 125 	 8614 	 0.40 	 43.29 	 79.70 	 353.66 	 641.73 	 1 	 0 	 0 	 0 
 37 	 15031 	 0.20 	 42.41 	 86.94 	 55.96 	 370.25 	 0 	 0 	 0 	 0 
 270 	 6793 	 0.55 	 43.31 	 79.66 	 354.83 	 866.96 	 0 	 0 	 0 	 0 
 270 	 12010 	 0.73 	 43.69 	 86.16 	 344.27 	 763.87 	 0 	 0 	 0 	 0 
 163 	 17005 	 1.00 	 44.03 	 85.13 	 36.55 	 1204.45 	 0 	 0 	 0 	 0 
 163 	 15774 	 0.28 	 43.79 	 82.16 	 337.14 	 448.93 	 1 	 0 	 0 	 0 
 200 	 17148 	 0.44 	 43.29 	 82.68 	 8.37 	 374.85 	 0 	 0 	 0 	 0 
 364 	 8375 	 0.16 	 42.49 	 79.71 	 355.63 	 340.94 	 1 	 0 	 0 	 0 
 93 	 17470 	 0.26 	 42.28 	 88.40 	 141.72 	 271.72 	 0 	 0 	 0 	 0 
 54 	 18083 	 0.51 	 43.42 	 84.96 	 33.14 	 483.55 	 1 	 0 	 0 	 0 
 184 	 21698 	 0.04 	 42.41 	 84.32 	 356.33 	 149.98 	 1 	 0 	 0 	 0 
 18 	 17119 	 0.72 	 43.35 	 86.35 	 163.26 	 794.55 	 0 	 0 	 0 	 0 
 215 	 18003 	 0.81 	 44.20 	 87.18 	 21.32 	 1287.83 	 0 	 0 	 0 	 0 
 143 	 12453 	 0.19 	 43.60 	 88.08 	 321.04 	 398.67 	 1 	 1 	 1 	 1 
 126 	 13595 	 0.54 	 44.14 	 80.71 	 16.48 	 701.66 	 1 	 0 	 0 	 0 
 324 	 6384 	 0.42 	 43.43 	 82.18 	 5.75 	 606.32 	 0 	 0 	 0 	 0 
 201 	 15422 	 0.30 	 42.99 	 81.98 	 354.71 	 298.63 	 0 	 0 	 0 	 0 
 94 	 7893 	 0.15 	 42.66 	 88.71 	 253.00 	 81.85 	 0 	 0 	 0 	 0 
 55 	 16710 	 0.61 	 43.74 	 84.83 	 31.06 	 304.80 	 0 	 0 	 0 	 0 
 75 	 24139 	 0.16 	 42.77 	 82.21 	 8.90 	 206.52 	 1 	 0 	 0 	 0 
 218 	 3366 	 0.25 	 42.61 	 87.19 	 98.90 	 500.36 	 0 	 0 	 0 	 0 
 326 	 9836 	 0.08 	 43.05 	 85.19 	 328.37 	 120.24 	 1 	 0 	 0 	 0 
 326 	 8719 	 0.26 	 43.03 	 82.89 	 7.59 	 530.62 	 0 	 0 	 0 	 0 
 326 	 6479 	 0.11 	 42.63 	 83.00 	 28.01 	 144.51 	 0 	 0 	 0 	 0 
 147 	 20620 	 0.31 	 43.04 	 79.45 	 353.56 	 489.19 	 0 	 0 	 0 	 0 
 147 	 22797 	 0.18 	 43.26 	 88.70 	 62.89 	 665.01 	 1 	 0 	 0 	 0 
 130 	 12514 	 0.10 	 42.97 	 87.56 	 273.06 	 164.23 	 1 	 1 	 1 	 1 
 130 	 9758 	 0.19 	 42.81 	 86.99 	 189.35 	 225.33 	 0 	 0 	 0 	 0 
 327 	 24165 	 1.05 	 44.42 	 86.66 	 159.59 	 1023.37 	 0 	 0 	 0 	 0 
 