# z_cadidates 	 DM_EG_candidates
0.433220	405.411664
0.064496	21.927038
0.522689	271.293093
0.263990	116.456360
0.554092	642.173397
0.128655	42.540056
0.371560	330.668140
0.084850	39.711734
0.302366	486.089899
0.820120	939.358806
0.894678	1428.026313
0.489442	706.312909
0.266659	407.987571
0.557213	570.573800
0.681683	968.450721
0.581148	457.473629
0.909382	959.090802
0.309500	202.915356
0.128953	164.072251
0.682480	700.942745
0.525364	593.013403
0.119104	240.744516
0.261477	76.382995
0.159066	254.364759
0.946110	1104.144525
0.163154	171.911005
0.704273	753.796827
0.677954	872.877298
1.269230	1554.240615
0.380877	328.884109
0.098909	61.300267
0.540703	469.119786
0.208867	299.091269
0.838709	1268.190713
0.660315	538.086034
0.390348	245.788011
0.115876	186.383715
1.111318	890.861821
0.327020	405.637256
0.208294	238.442817
0.577633	552.537483
0.362376	410.210887
1.072714	1182.606216
0.059039	102.565639
1.237925	1580.652077
1.285758	1241.149788
0.085803	164.265891
0.145159	131.723328
0.838099	615.772539
0.133439	93.357336
1.144792	1522.404119
0.117933	151.493085
0.246188	295.131971
0.179979	235.719669
0.318473	71.891418
0.626491	797.814438
0.165439	116.581095
0.866511	641.808603
0.714702	964.956824
0.765056	1009.266775
0.309256	655.950176
0.215148	167.763329
0.308927	417.044602
0.549960	641.985960
0.365336	658.666618
0.146839	95.587998
0.073839	144.461387
0.371219	638.088089
0.111605	263.562274
0.507851	379.250890
1.012105	1126.164403
0.550702	501.291252
0.343674	287.924348
1.104829	1102.879822
0.171480	28.904943
0.391333	239.665671
0.694572	647.795214
0.857837	831.692604
0.345079	542.935533
0.233539	469.114177
0.200989	237.161207
0.138837	202.475784
0.558609	338.547901
0.887970	686.808655
0.216384	259.561679
0.095023	257.151835
0.872878	1025.742746
1.374842	1434.211075
0.554142	485.103445
0.577731	213.005975
0.130109	340.440760
0.147028	237.018984
0.605093	790.194112
0.370602	393.053313
0.197866	408.470466
0.290706	425.551739
0.594954	709.591189
0.154945	26.327086
0.368625	799.480289
0.187930	89.855000
0.058408	108.186584
0.426573	319.786100
0.225284	233.851800
0.369077	439.684289
0.198296	456.763989
0.435088	338.532387
0.314946	410.554249
0.039965	95.740528
1.183681	730.753171
0.790921	713.034681
0.334702	119.508512
0.224561	306.275892
0.555323	347.442455
0.272653	211.892227
0.082422	18.773127
0.264164	416.841869
0.207493	149.142750
0.184814	105.746655
0.623419	562.002600
0.236885	290.609168
0.344554	121.840027
0.714001	806.581900
0.822445	1034.466119
0.533948	562.878491
0.120823	213.430404
0.125854	130.083798
0.304154	366.639517
0.988162	478.591957
0.247746	392.439682
0.232267	61.985859
0.205772	163.156569
0.100524	234.336343
0.251076	255.178105
0.326430	458.119969
0.478419	461.571473
0.333391	619.194031
0.452469	547.474330
0.380744	357.734707
0.370153	349.623729
0.547749	643.165140
0.456289	317.826087
0.241441	251.174736
0.251690	41.115937
1.063700	1243.317303
0.454374	644.177312
0.440598	378.901493
0.301453	337.331053
0.160082	114.908507
0.182813	364.194010
0.769342	1032.769199
0.210230	270.423905
0.314171	358.775570
0.221809	129.311948
0.651017	927.620279
0.235937	370.429126
0.161423	174.604933
0.139768	155.220587
0.068656	207.863210
0.491301	368.003677
0.643869	1075.810023
0.106235	84.688546
0.582596	649.161907
0.117827	84.848522
0.244538	157.612979
0.437150	456.821370
0.343054	456.045129
0.657929	693.392359
0.437190	499.795636
1.443600	1874.948679
0.189484	222.774487
0.538496	646.028058
0.622702	596.258479
0.681346	1025.235254
0.171077	62.083808
0.354112	348.939958
0.340113	257.098643
0.556423	671.816638
0.597810	732.540863
0.727491	812.462678
0.115724	25.548831
0.098690	250.426006
0.174558	168.125300
0.852101	968.499906
0.544138	799.898311
0.159023	194.635830
0.052761	103.421655
0.800409	669.080453
0.725212	876.183226
0.690161	734.146899
0.203799	157.746356
0.366109	175.524705
0.103406	74.144273
0.162394	75.447871
0.515372	701.561692
0.194807	353.177419
0.254769	212.339528
0.089731	46.974882
0.185929	240.458571
0.502511	486.508832
0.871451	714.566309
0.570800	237.849593
0.692103	986.013520
0.741343	758.452866
1.462020	1130.844937
0.449645	530.363720
0.554536	907.157482
0.143837	202.332895
0.378472	449.596684
0.385708	425.509404
0.094245	130.319993
0.216211	223.669152
1.147089	1007.498060
0.374370	521.825994
0.138099	267.214901
0.448099	672.315087
1.041992	668.809108
1.524884	1412.507394
0.526776	938.875278
0.266160	333.780009
0.384970	385.465753
0.188069	295.136057
0.192251	140.352444
0.836117	975.967765
0.340424	458.082590
0.274390	262.517067
0.352361	477.094813
0.144447	92.617652
0.765159	526.772752
0.552347	834.758865
0.155259	279.449997
0.231204	248.470478
0.306955	372.431240
0.426094	478.347687
0.142045	104.447687
1.000852	879.968203
0.110201	117.824628
0.566036	464.075445
0.128101	116.579481
0.438395	669.813477
0.301894	424.111511
0.231184	113.310642
0.127681	196.765034
0.395546	406.104136
0.218411	83.755227
0.713604	596.218547
0.660433	1052.320995
0.481639	477.649581
1.686974	1713.401267
0.312871	471.110448
0.533752	520.467137
0.329161	274.208613
0.347369	326.616234
0.363907	182.265969
0.277299	513.324817
0.235881	368.049538
0.363953	525.435696
1.155454	1461.945432
0.612991	464.891977
0.869544	1215.848194
0.131643	114.428140
0.109851	200.768116
0.600361	522.921657
0.619728	910.190102
0.410073	673.219611
0.094550	88.426755
0.660777	577.081223
1.322759	1846.516084
0.407626	476.166486
0.458667	375.292206
0.120263	259.275811
0.739546	714.941315
0.069022	161.256962
0.598701	586.555484
0.112460	230.087216
0.401784	172.604843
0.189774	297.540476
0.091407	266.531537
0.787437	621.288287
1.330437	1912.141478
0.328942	463.483081
0.247050	260.138684
0.364079	247.892740
0.673168	656.396172
0.336968	500.899891
0.428747	598.023269
0.290943	331.251412
0.369735	360.134385
0.660892	909.655154
1.772331	2047.708541
0.340739	229.312084
0.442243	259.086201
0.414075	497.501433
0.450059	689.593756
0.704409	1007.879784
0.469038	210.376705
1.044655	1149.135663
0.190925	261.547248
0.260988	542.825338
0.270086	430.462911
0.833174	724.659103
0.096761	126.991583
0.217814	327.502433
0.087431	221.310128
0.360511	396.290392
0.079868	66.667475
0.488419	477.906430
0.693727	793.781316
0.337371	259.006023
0.107992	39.933637
0.370868	349.541625
0.373776	262.252002
0.670750	830.654999
0.231663	119.433281
0.262284	70.936250
